0 67
0 574
1 1276
1 1631
2 74
2 555
3 250
3 560
4 242
4 388
5 12
5 1466
6 430
6 522
7 637
7 1370
8 270
8 284
9 815
9 1177
10 319
10 1542
11 404
11 537
12 880
12 1503
13 115
13 1052
13 1356
14 286
14 1102
15 647
15 832
16 992
16 1582
17 797
17 1238
18 353
18 1609
19 125
19 400
20 17
20 1294
21 428
21 1458
22 811
22 1507
23 432
23 1131
24 81
24 1200
25 174
25 758
26 443
26 473
26 1285
27 1029
27 1379
28 1245
28 1548
29 71
29 1553
30 654
30 925
31 275
31 277
31 466
32 15
32 732
33 313
33 1281
34 481
34 1224
35 194
35 746
36 681
36 917
37 736
37 1368
38 70
38 915
39 407
39 1464
40 1146
40 1219
41 949
41 1346
42 833
42 842
43 146
43 676
44 799
44 1185
45 655
45 1061
46 199
46 976
47 472
47 844
48 329
48 651
49 48
49 55
50 1108
50 1519
51 710
51 1019
52 356
52 782
53 1112
53 1246
54 909
54 1104
55 843
55 1132
56 318
56 1037
57 743
57 914
58 959
58 1244
59 429
59 699
60 1066
60 1317
61 357
61 893
62 93
62 1298
63 667
63 1506
64 1064
64 1324
65 940
65 1013
66 241
66 273
67 1186
67 1561
68 820
68 1628
69 10
69 603
69 890
70 109
70 983
71 163
71 817
72 541
72 1293
73 597
73 1603
74 186
74 845
75 664
75 770
76 571
76 888
77 1528
77 1586
78 461
78 673
79 570
79 1173
80 149
80 785
81 107
81 1005
82 531
82 984
83 293
83 1211
84 895
84 1342
85 703
85 1400
86 167
86 807
87 445
87 1257
88 36
88 629
89 489
89 1302
90 82
90 721
91 268
91 778
92 942
92 1381
93 1128
93 1169
94 718
94 1208
95 65
95 289
96 622
96 1040
97 1387
97 1412
98 767
98 1372
99 371
99 1004
100 774
100 937
101 741
101 1065
102 551
102 1403
103 142
103 1602
104 1423
104 1516
105 1287
105 1524
106 193
106 311
107 562
107 1253
108 215
108 685
109 96
109 480
110 892
110 1135
111 239
111 566
112 45
112 595
113 1247
113 1438
114 191
114 1452
115 964
115 1374
116 224
116 856
117 772
117 1479
118 1520
118 1535
119 930
119 1017
120 1179
120 1639
121 21
121 137
122 323
122 985
123 94
123 1187
124 658
124 1280
125 487
125 600
126 3
126 1459
127 366
127 1109
128 1011
128 1180
129 625
129 849
130 525
130 1030
131 1436
131 1505
132 398
132 1545
133 14
133 354
134 316
134 337
135 128
135 1522
136 913
136 1397
137 304
137 1555
138 1074
138 1473
139 1313
139 1624
140 509
140 812
141 390
141 424
142 271
142 1009
143 56
143 413
144 599
144 753
145 511
145 1343
145 1574
146 113
146 245
147 1536
147 1618
148 187
148 257
149 296
149 1638
150 223
150 1432
151 367
151 821
152 831
152 1334
153 463
153 1434
154 309
154 1069
155 118
155 458
156 956
156 1089
157 334
157 1198
158 929
158 1353
158 1605
159 335
159 348
160 1171
160 1204
161 614
161 1461
162 212
162 377
163 724
163 1581
164 200
164 1596
165 1350
165 1496
166 776
166 1181
167 558
167 611
168 1489
168 1521
169 156
169 1194
170 1429
170 1538
171 652
171 737
172 497
172 840
173 696
173 1042
174 236
174 790
175 88
175 1127
176 650
176 1529
177 136
177 564
178 233
178 1502
179 315
179 1640
180 1008
180 1485
181 415
181 1357
182 496
182 573
183 989
183 1174
184 104
184 210
185 702
185 1335
186 79
186 1512
187 524
187 1001
188 606
188 1527
189 259
189 941
189 973
190 484
190 822
191 248
191 1339
192 252
192 1377
193 701
193 1268
194 745
194 1408
195 138
195 1189
196 77
196 322
196 1222
197 451
197 485
197 1263
197 1478
198 300
198 338
199 231
199 1637
200 414
200 1079
201 181
201 1044
201 1083
202 583
202 897
203 203
203 1413
204 613
204 1585
205 986
205 1392
206 1454
206 1549
207 588
207 632
208 792
208 1163
209 723
209 1207
210 1332
210 1546
211 153
211 1172
212 1231
212 1404
213 130
213 793
213 919
214 279
214 543
215 666
215 868
216 1027
216 1228
217 1292
217 1570
218 1003
218 1161
219 575
219 898
220 1062
220 1098
221 659
221 1141
222 623
222 1072
223 542
223 1048
224 385
224 563
225 299
225 392
226 449
226 1111
227 810
227 1020
228 1085
228 1340
229 152
229 569
230 679
230 961
231 11
231 372
231 1333
231 1572
232 1500
232 1573
233 39
233 1084
234 960
234 1462
235 140
235 636
236 1311
236 1326
237 6
237 779
238 381
238 1362
239 1071
239 1345
240 42
240 1525
289 1629
289 1643
241 1389
241 1589
242 998
242 1300
243 141
243 1604
244 379
244 847
245 841
245 1513
246 240
246 1205
247 996
247 1088
248 389
248 1275
249 351
249 1164
250 310
250 1406
251 950
251 962
252 235
252 672
253 852
253 1620
254 168
254 787
255 1241
255 1481
256 1010
256 1376
257 344
257 946
258 35
258 1237
259 129
259 907
260 683
260 1059
261 610
261 1401
262 734
262 1599
263 302
263 486
264 173
264 761
264 1078
265 27
265 1430
266 178
266 1598
267 687
267 1580
268 312
268 1073
269 412
269 1540
270 84
270 265
271 131
271 189
271 251
271 970
272 221
272 1284
273 155
273 1012
273 1463
274 1318
274 1358
275 534
275 1514
276 660
276 1532
277 341
277 786
277 1170
278 274
278 1378
279 457
279 462
279 548
280 387
280 425
281 410
281 1619
282 539
282 1043
283 205
283 1227
284 391
284 794
285 8
285 92
286 61
286 468
286 838
286 839
287 434
287 816
288 185
288 1418
