0 707 5
0 509 5
0 1517 4
0 771 4
0 1281 5
0 1142 4
0 1351 4
0 1405 5
0 270 4
0 161 5
0 731 4
0 949 5
0 1501 4
0 787 4
0 794 4
1 872 5
1 1174 4
1 408 5
1 1065 5
1 1648 4
1 982 4
1 1222 5
1 500 5
2 721 4
2 905 4
2 788 4
2 1031 4
2 1525 4
2 885 4
2 507 4
2 1427 4
2 750 4
2 282 4
2 919 4
2 979 4
2 349 4
2 737 4
2 1118 4
2 1408 4
2 416 4
2 1171 4
2 815 4
2 679 4
2 128 5
2 58 4
2 830 4
2 727 4
2 1484 4
2 780 4
2 275 5
2 961 4
2 724 4
2 751 4
2 965 4
2 1363 4
2 1040 4
2 1245 4
2 777 4
2 308 5
2 1131 4
2 285 4
2 1650 4
2 1014 4
2 1496 4
2 1188 4
2 231 4
2 670 4
2 1512 4
2 1573 4
2 912 4
2 1324 4
2 977 4
2 17 4
2 1102 4
2 210 4
2 1187 4
2 99 4
2 339 4
2 1224 4
2 1371 4
3 72 5
3 1198 5
3 1610 4
4 399 4
4 631 4
4 323 5
4 1642 4
4 500 4
4 1281 4
4 1509 5
4 681 4
4 363 4
4 742 4
4 455 4
4 258 4
4 363 4
4 1547 5
4 416 4
4 1350 4
4 1635 4
4 1612 5
4 1149 4
4 210 4
4 1484 4
4 833 4
4 0 4
5 762 4
5 859 5
5 1562 4
5 371 4
5 1350 4
5 1646 4
5 468 4
6 1380 5
6 1673 3
6 1344 5
6 457 5
6 765 5
6 1281 5
7 548 4
7 455 4
7 1012 4
7 444 4
7 72 5
7 1199 5
7 1496 4
7 1595 4
7 255 4
7 1405 4
7 940 4
7 1487 4
8 1597 4
8 949 4
8 1484 4
8 886 5
8 1691 4
9 796 4
9 1120 4
9 29 5
9 1016 5
9 518 4
9 996 5
9 360 4
9 1513 4
9 1503 4
9 388 5
9 205 5
9 536 5
9 855 5
9 392 4
9 496 4
9 1255 4
9 741 4
9 987 4
9 1647 4
9 832 4
9 1633 4
9 485 5
9 536 4
10 327 4
10 1110 4
10 967 5
10 669 4
10 695 4
10 119 5
10 1450 4
10 106 5
10 1668 4
10 1174 4
10 444 4
10 1357 5
10 1030 4
11 109 4
11 1554 4
11 1568 4
11 464 4
11 258 4
11 86 4
11 771 5
11 1373 5
11 1633 4
11 1141 4
11 210 5
11 86 4
11 736 4
12 1487 4
12 371 5
12 1241 4
12 86 3
12 631 5
12 273 3
12 387 4
12 495 5
12 262 4
12 1044 4
12 416 3
12 694 5
12 297 4
12 1391 4
12 308 4
13 1496 4
13 473 4
13 1065 4
13 1150 4
13 1487 4
13 226 4
13 490 4
13 1200 4
13 940 3
13 1363 4
13 1597 4
14 1487 5
14 12 5
14 1643 4
14 625 5
14 787 5
14 775 5
14 631 5
15 1673 4
15 617 5
15 1650 5
15 1063 4
15 1199 4
15 1562 3
15 625 4
15 80 3
15 414 5
16 1352 4
16 928 3
16 442 4
16 1071 4
16 1140 4
16 1415 4
16 489 4
16 452 4
16 371 4
16 317 4
16 1000 4
16 1042 5
16 1673 4
17 189 4
17 1646 4
17 399 5
17 1562 4
17 1082 5
17 1516 4
18 872 4
18 607 4
18 263 4
18 698 4
18 1357 4
18 1256 4
18 71 4
18 431 5
18 1624 4
18 823 5
18 1139 4
18 569 5
18 278 5
18 1581 4
18 320 5
19 736 4
19 1150 5
19 1169 5
19 281 5
19 256 5
19 1600 5
19 982 4
19 537 5
20 1312 4
20 1250 3
20 727 5
20 349 4
20 1030 5
20 916 4
20 928 4
20 523 4
20 363 4
20 130 4
20 448 4
20 1150 4
20 1430 4
20 355 5
21 1204 5
21 560 4
21 1170 3
21 1147 5
21 683 4
21 1117 4
21 803 4
21 1616 4
21 2 4
22 1405 5
22 1145 4
22 437 4
22 902 4
22 238 4
22 994 4
22 920 4
22 1197 4
22 1501 4
22 1573 4
22 686 4
22 1227 5
22 872 4
22 1236 4
22 589 4
22 1403 4
22 337 4
22 1174 4
22 605 4
22 1331 4
22 314 4
22 70 4
22 1044 5
22 1416 4
22 823 4
22 1597 4
23 710 5
23 622 5
23 1109 4
23 179 4
23 1377 5
23 916 5
23 1637 5
23 982 5
23 707 5
24 234 5
24 486 3
24 70 5
24 1299 3
24 1204 5
24 1015 4
24 962 4
24 469 3
24 909 5
24 1014 4
24 1282 4
24 750 5
25 1569 4
25 528 4
25 262 5
25 1562 4
25 71 4
25 528 4
25 1529 4
25 1227 4
25 1633 4
25 2 5
25 394 4
25 278 4
25 1172 4
26 669 5
26 36 4
26 1635 5
26 1407 4
26 555 4
26 1031 4
26 928 5
26 1172 4
26 1099 4
26 1610 4
26 1164 4
26 408 4
26 337 4
26 1641 4
26 1355 4
26 42 4
26 1200 4
27 1012 4
27 804 4
27 275 5
27 506 4
27 916 4
27 955 4
27 1248 4
27 605 4
27 260 4
27 273 4
27 605 4
27 348 4
27 1427 4
27 1357 4
27 928 4
27 1564 4
27 928 4
27 1545 4
27 1005 4
28 653 4
28 399 5
28 1204 4
28 1199 4
28 189 4
28 2 4
29 1411 4
29 1597 5
29 72 5
29 1397 4
29 425 5
29 258 4
29 278 4
29 925 5
29 451 4
29 1009 5
29 736 5
29 1664 5
30 450 4
30 336 4
30 71 4
30 1646 4
30 763 4
30 38 4
30 419 4
30 1525 4
30 210 5
30 1469 4
30 1290 4
30 1039 4
30 1331 4
30 805 4
30 793 5
30 1587 4
30 308 5
30 531 4
30 717 4
30 1581 4
30 1224 4
30 1031 4
30 1131 4
30 1590 4
30 503 4
30 1671 4
30 201 4
31 1241 5
31 61 5
31 1575 5
31 362 4
31 383 5
31 958 5
31 257 5
31 395 4
31 791 5
31 1377 5
31 392 4
31 1030 5
31 37 5
31 903 4
32 807 4
32 369 4
32 500 5
32 1377 4
32 210 5
32 1245 4
32 702 5
33 1397 4
33 38 4
33 70 5
33 782 4
33 973 4
33 450 4
33 455 4
33 110 4
33 1074 4
33 333 5
33 1112 4
33 1646 4
33 416 4
33 179 5
33 263 4
33 793 5
33 1367 4
33 958 5
33 571 4
34 15 4
34 565 5
34 71 4
34 1199 5
34 1407 5
34 791 5
34 1624 4
34 1174 4
34 205 4
34 788 5
34 152 4
34 547 4
34 631 4
35 1222 4
35 1531 4
35 912 5
35 1637 5
35 1065 4
35 1484 4
35 1411 4
35 210 5
35 517 4
35 77 4
35 855 4
35 1683 4
35 637 4
35 1646 4
35 488 4
35 933 4
35 374 4
35 1644 4
35 378 4
35 1695 4
35 1611 4
36 951 4
36 492 4
36 600 5
36 1282 4
36 56 4
36 1413 5
36 183 4
36 1437 4
36 857 4
36 1643 4
36 1443 4
36 1078 4
36 801 4
36 1007 4
36 1182 4
36 1596 4
36 1137 4
36 1111 4
36 811 4
36 793 4
36 1043 4
36 86 4
36 89 5
36 248 4
36 1093 4
36 1203 5
36 1004 4
36 120 5
36 1051 4
36 666 5
36 1248 4
36 1591 4
36 612 5
36 131 4
36 80 4
36 269 5
36 1421 4
36 1142 4
36 394 4
36 1056 4
36 1310 4
36 139 4
36 828 4
36 494 4
36 1595 5
37 787 5
37 681 5
37 823 4
37 1182 5
37 944 4
37 705 5
37 1020 5
37 730 5
37 1215 4
37 1405 4
37 1411 4
37 1294 5
37 1495 5
37 363 5
37 339 5
37 485 5
38 103 5
38 632 4
38 1375 5
38 793 4
38 90 5
38 1145 4
38 208 4
38 968 5
38 1141 4
38 1444 5
38 1624 5
39 1427 4
39 791 4
39 1287 4
39 372 4
39 1131 4
39 670 5
39 612 4
39 72 5
39 560 4
39 1071 4
39 1602 4
39 1114 4
39 858 4
39 1199 4
39 1111 4
39 38 4
39 625 5
39 1377 4
39 1397 4
40 797 4
40 1296 4
40 298 4
40 577 4
40 673 4
40 1156 4
40 89 4
40 471 4
40 1376 4
40 840 4
40 949 4
40 1012 4
40 918 4
40 1131 4
40 260 4
40 128 4
40 1030 4
40 823 4
40 1248 4
40 476 4
40 1203 4
40 222 4
40 872 4
41 1391 4
41 485 4
41 625 4
41 2 4
41 3 4
41 1082 4
41 258 4
41 1661 5
41 1487 4
41 399 4
41 1197 4
41 1597 4
41 1453 4
41 1000 4
41 70 4
41 1468 5
41 1215 4
41 1501 5
41 619 4
41 1171 5
42 1676 4
42 1153 4
42 1610 4
42 548 4
42 113 4
42 173 4
42 1355 4
42 670 5
42 1396 4
42 1227 5
42 1068 4
42 1373 4
42 788 4
42 1376 4
42 1531 4
42 1077 4
42 1443 4
42 1130 5
42 1287 4
42 123 4
42 1370 4
42 372 4
42 988 4
42 1259 4
42 505 4
42 1403 4
42 297 4
42 128 4
42 949 5
42 1642 5
42 442 5
42 1532 5
42 683 4
42 76 4
42 798 4
42 533 4
42 1027 4
42 1284 4
42 427 5
43 858 4
43 1203 4
43 663 5
43 1610 5
43 46 4
43 583 4
43 1256 4
43 1150 5
43 1209 4
43 1227 5
43 909 4
43 15 4
44 757 5
44 1149 4
44 771 5
44 1620 4
44 320 4
44 554 4
44 788 4
45 1505 3
45 705 4
45 876 4
45 1673 3
45 106 4
45 1637 4
45 1389 4
45 1241 4
46 1427 4
46 46 4
46 55 4
46 266 4
46 1162 4
46 612 4
46 859 4
46 21 4
46 1174 4
47 1397 5
47 78 4
47 275 5
47 1222 5
47 1420 4
47 1076 5
47 41 4
47 1581 4
47 510 4
47 963 4
47 778 4
47 34 5
47 995 4
47 383 4
47 576 4
47 769 4
47 1121 4
47 727 4
47 1386 4
47 1594 4
47 1479 5
47 103 4
47 170 4
47 1526 4
47 681 5
47 306 4
47 63 4
47 281 4
47 1129 4
47 1045 4
47 1236 5
47 1203 4
47 1010 4
47 99 4
47 830 4
47 231 4
47 725 4
47 1577 4
47 1264 4
48 1260 5
48 468 5
48 444 4
48 940 5
48 1083 4
48 1199 4
48 1165 4
49 788 5
49 909 4
49 1101 4
49 303 5
49 1077 4
49 1373 5
49 687 5
49 276 4
49 889 4
49 1267 4
49 1182 4
50 266 5
50 475 4
50 840 5
50 1110 4
50 111 4
50 1377 5
50 1286 4
50 1005 5
50 1659 5
50 23 4
50 205 5
50 336 5
50 1443 5
50 143 4
50 210 5
50 387 4
50 13 5
50 1544 4
50 1620 4
50 815 4
50 806 4
50 722 4
50 107 5
50 243 4
51 266 4
51 928 5
51 1578 5
51 1355 3
51 1404 3
51 673 4
51 96 4
51 987 4
51 1671 3
51 275 5
51 119 4
51 210 4
51 1012 4
51 1397 3
51 1647 3
51 444 4
51 353 3
51 906 4
51 170 3
51 1281 5
51 705 3
51 120 4
51 476 4
51 38 4
51 1635 4
52 296 5
52 902 5
52 1432 5
52 303 4
52 1438 5
52 251 5
52 1530 5
52 1291 5
52 950 4
52 994 5
52 1681 5
52 1222 5
52 485 4
52 906 5
52 1222 4
52 793 4
52 446 4
53 1198 4
53 394 5
53 1635 4
53 727 4
53 226 4
53 1041 4
53 1041 4
53 371 5
53 1350 5
54 86 5
54 1481 4
54 335 4
54 1650 4
54 742 4
54 608 4
54 255 4
54 399 5
54 631 4
54 625 5
54 787 4
55 1443 4
55 587 5
55 22 4
55 632 4
55 974 4
55 1646 4
55 899 4
55 278 5
55 897 4
55 1677 4
55 872 5
55 634 4
55 1579 4
55 1430 4
55 714 4
55 105 4
55 1316 4
55 1200 4
55 639 4
55 631 5
55 387 4
55 1156 4
55 925 4
55 366 4
55 1302 5
55 722 4
55 1622 4
55 725 5
55 275 5
55 620 4
55 655 4
55 1044 4
55 1651 4
55 476 4
55 1645 4
55 1174 4
55 1382 5
55 38 5
55 464 5
55 315 4
55 1003 4
55 1076 4
56 1597 4
56 989 4
56 1227 5
56 1083 4
56 1545 5
57 1355 5
57 258 5
57 1435 5
57 627 4
57 669 5
57 1519 5
57 949 5
58 1299 4
58 831 4
58 821 5
58 226 4
58 92 4
58 1132 4
58 880 4
58 106 4
58 1311 4
58 234 4
58 687 4
58 195 4
58 1565 4
58 1184 5
58 1126 4
58 1189 4
58 216 4
58 668 4
58 1408 4
58 761 5
58 1259 4
58 131 4
58 666 5
58 103 4
58 1329 4
58 1398 4
58 1169 5
58 366 4
58 580 4
58 1595 4
58 1357 4
58 109 5
58 1286 4
58 1058 5
58 83 4
58 622 4
58 201 4
58 1425 4
58 989 4
58 370 4
58 400 5
58 632 4
58 1351 4
58 179 5
58 141 4
58 922 4
58 1089 4
58 1476 5
58 681 4
58 341 5
58 1312 4
58 720 4
58 916 4
58 412 4
58 564 4
58 635 4
58 940 4
59 577 5
59 38 5
59 1552 5
59 128 5
59 571 5
59 1600 5
59 1083 5
60 503 4
60 317 4
60 415 4
60 106 5
60 1443 5
60 575 5
60 1399 5
60 658 4
60 1624 4
60 500 4
60 205 5
60 1356 4
60 839 4
60 327 4
60 1201 4
61 1377 4
61 584 5
61 1295 4
61 687 5
61 757 4
61 106 5
61 928 5
61 974 5
61 501 5
61 1352 4
61 961 5
61 1375 4
61 620 4
61 1375 4
62 201 5
62 72 4
62 226 5
62 1311 5
62 399 5
63 1464 5
63 1624 5
63 255 5
63 1487 5
63 243 5
63 949 5
63 501 5
63 1367 5
63 1245 5
63 994 5
63 1391 5
63 238 5
63 1646 5
63 583 5
63 402 5
63 1442 5
63 909 5
63 1163 5
64 275 4
64 226 4
64 750 4
64 251 4
64 1290 4
64 694 4
64 255 4
64 1373 4
64 631 3
65 390 4
65 1357 5
65 796 4
65 1267 5
65 1367 4
65 593 4
65 1673 4
65 1564 5
65 1178 4
65 1005 4
65 392 5
65 686 4
65 1375 5
65 1135 4
65 1030 5
65 700 4
65 90 4
65 208 5
65 69 4
65 885 4
65 1357 5
65 90 4
65 1649 4
65 555 5
65 1268 4
65 353 4
65 977 4
65 272 4
65 666 4
65 684 4
65 389 4
65 789 4
65 710 4
65 1301 4
65 403 4
65 1275 4
65 1352 5
65 368 5
65 393 4
65 1111 4
65 360 4
66 788 5
66 420 5
66 777 3
66 70 4
66 670 4
66 928 5
66 632 5
66 1645 5
66 1311 4
66 902 5
66 1082 5
66 1496 4
67 1610 2
67 1364 5
67 949 4
67 982 3
67 1602 4
67 1397 4
67 145 4
67 961 4
67 1624 4
67 1376 3
67 1174 4
67 1597 4
67 1399 5
67 1324 3
67 984 4
67 1435 3
67 368 4
67 98 4
67 676 4
67 480 4
67 1511 4
67 757 5
67 750 4
67 1321 5
67 1595 3
68 504 4
68 909 4
68 705 4
68 315 4
68 918 5
68 266 4
68 427 4
68 1200 4
68 331 4
68 670 4
68 620 4
68 478 4
69 568 4
69 1437 4
69 1225 5
69 994 4
69 1690 4
69 166 4
69 348 4
69 759 5
69 1373 4
69 1180 4
69 653 4
69 967 5
69 1110 5
69 1635 5
69 349 5
69 788 5
69 474 5
69 416 4
70 676 4
70 1464 4
70 1568 4
70 86 4
70 931 5
70 1008 4
70 1169 4
70 105 5
70 936 4
70 612 4
70 346 4
70 1507 4
70 1545 4
70 1198 5
70 770 4
70 662 4
70 1025 5
70 47 4
70 1324 4
70 1628 5
70 1157 5
70 1290 4
70 622 5
70 1650 5
70 1651 4
70 1183 4
70 528 4
70 435 4
70 1153 5
70 876 4
70 476 4
71 337 3
71 70 4
71 1373 4
71 368 4
71 876 4
71 1041 4
71 563 4
71 1110 3
71 1377 4
71 1424 3
71 928 4
71 639 4
71 394 3
71 999 4
71 1301 3
71 583 3
71 1306 4
71 903 4
72 680 4
72 1646 4
72 1610 4
72 255 4
72 928 4
72 858 4
73 698 4
73 1554 4
73 1203 4
73 266 5
73 266 4
73 1496 4
73 1198 5
73 1610 5
73 670 5
73 1012 5
73 1450 4
73 314 5
73 442 4
73 457 4
73 1201 5
73 1648 4
73 1311 5
74 100 5
74 109 4
74 62 4
74 420 5
74 938 5
74 605 4
74 967 5
74 684 5
74 1529 5
74 1146 4
74 999 5
74 984 5
74 1283 4
74 1230 5
74 128 4
74 953 5
74 838 4
74 1137 4
74 1587 4
74 740 5
74 1169 4
74 673 4
74 840 5
74 431 5
74 1156 5
74 1633 4
74 488 4
75 321 5
75 54 4
75 840 4
75 1370 4
75 575 5
75 255 4
75 791 4
75 928 4
75 587 4
75 1201 5
75 1131 4
75 226 4
75 1343 5
76 1573 4
76 555 4
76 1284 5
76 722 4
76 368 4
76 1624 4
76 123 4
76 71 5
76 1376 4
76 649 4
76 1267 5
76 495 4
76 1517 4
76 1650 5
77 1405 5
77 1510 4
77 244 5
77 1284 4
77 159 4
77 170 4
77 1026 5
77 374 4
77 1561 4
77 762 4
77 747 5
77 607 5
77 1187 3
77 1597 4
77 941 4
77 201 5
77 234 5
77 54 5
77 270 4
77 538 5
77 500 5
77 819 4
77 1569 5
77 327 4
77 809 4
77 823 5
77 483 5
77 1260 4
77 963 5
77 1256 5
77 347 5
77 736 5
77 563 5
77 921 5
77 979 5
78 593 4
78 1661 4
78 1355 5
78 349 5
78 838 4
78 872 5
78 266 5
78 1000 5
78 1227 5
78 210 5
78 363 4
79 775 5
79 1147 5
79 824 5
79 1397 4
79 1645 5
79 1281 4
79 854 4
79 1495 5
80 940 4
80 1413 4
80 949 4
80 1671 4
80 638 4
80 682 4
80 992 3
80 495 5
80 1296 5
80 1522 4
80 987 4
80 620 3
80 103 3
80 487 4
80 967 4
80 1313 4
80 1578 3
80 711 4
80 526 3
80 1550 4
80 1044 4
80 907 4
80 381 4
80 1450 4
80 179 4
80 72 5
81 791 4
81 45 4
81 587 5
81 297 4
81 598 4
81 1118 4
81 886 5
81 872 4
81 674 4
81 22 4
81 589 4
81 441 4
81 1603 4
81 12 4
81 982 4
81 157 4
81 928 4
81 251 4
81 90 4
81 272 4
81 1668 4
81 1180 4
81 394 4
81 1600 4
81 940 4
81 1351 4
81 625 4
82 1324 5
82 555 5
82 479 4
82 1664 4
82 1256 4
82 571 4
82 1030 5
82 1204 4
82 684 4
82 1204 4
83 1624 5
83 1554 5
83 1352 5
83 1391 4
83 464 5
83 349 5
83 978 4
83 1391 4
83 1267 4
83 480 4
84 1519 4
84 1352 4
84 38 4
84 1351 5
84 916 4
84 682 4
84 1403 4
84 1174 4
84 872 4
84 128 4
84 1651 4
84 500 5
85 1424 4
85 599 4
85 1376 5
85 1350 5
85 625 4
85 1470 4
85 819 4
85 420 4
85 612 4
85 454 4
85 793 5
85 410 4
85 1435 4
85 1407 5
85 157 5
85 823 4
85 658 4
85 1553 5
85 815 4
85 803 4
85 1296 5
85 493 4
85 1182 4
85 1121 4
85 1343 4
86 308 4
86 480 5
86 295 4
86 94 4
86 619 4
86 1488 5
86 967 4
86 474 4
86 1215 4
86 495 4
86 201 5
86 431 4
86 1334 4
86 1624 5
86 1531 5
86 1035 4
86 670 5
86 750 4
86 394 5
87 337 4
87 824 4
87 673 4
87 1085 4
87 1065 4
87 716 4
87 912 4
87 316 5
87 337 4
87 771 4
87 674 4
88 679 4
88 1213 5
88 1554 5
88 319 4
88 295 5
88 1204 5
88 1646 3
88 619 4
88 273 3
88 85 4
88 1569 4
88 1584 4
88 1624 5
88 292 4
88 403 3
88 727 4
88 263 4
88 1030 5
88 1297 5
88 1191 5
88 1028 5
88 819 3
88 536 4
88 1131 5
88 222 5
88 184 4
88 1137 4
88 1648 5
88 666 5
88 1646 5
88 187 3
89 234 5
89 622 4
89 961 4
89 921 4
89 122 4
89 317 4
89 1610 5
89 41 4
89 337 4
89 683 4
89 970 5
89 502 4
89 317 5
89 1266 5
89 1065 5
89 1209 4
89 1037 4
90 670 4
90 1544 4
90 500 4
90 967 4
90 374 5
90 949 5
90 1397 4
90 1635 4
90 1484 4
90 978 4
90 119 4
90 722 4
90 1352 4
91 1082 5
91 1145 4
91 408 4
91 1651 4
91 522 4
91 1156 4
91 1381 5
91 243 5
91 1659 4
92 30 4
92 407 4
92 670 5
92 260 5
92 1082 5
92 253 4
92 376 4
92 76 4
92 308 4
92 864 4
92 1381 4
92 451 4
92 952 5
92 1674 4
92 1391 4
92 310 5
92 157 4
92 872 5
92 563 4
92 1163 5
92 189 4
93 1205 4
93 1158 4
93 297 4
93 1064 5
93 1664 5
93 127 5
93 1397 4
93 916 5
93 792 4
93 1211 4
93 302 4
93 501 4
93 90 4
93 772 4
93 1204 4
93 421 4
94 1352 3
94 1384 4
94 1357 4
94 1484 4
94 210 5
94 632 4
94 1239 4
94 920 4
94 99 4
95 1012 5
95 255 4
95 1311 4
96 1000 4
96 788 5
96 38 5
96 793 5
96 1624 5
96 1145 5
96 670 5
96 984 5
96 949 5
96 129 5
96 967 5
96 122 4
97 1199 5
97 680 4
97 670 4
97 1594 5
97 1320 4
97 122 4
97 497 5
97 1344 4
97 46 4
97 617 5
97 994 4
98 1000 4
98 994 5
98 594 4
98 765 4
98 104 4
98 859 4
98 741 5
98 1610 4
98 856 4
98 1296 4
98 673 4
98 1135 4
98 1405 4
98 684 4
98 631 4
98 1443 4
98 464 5
98 722 4
98 1493 4
98 1252 4
98 648 4
98 780 4
99 620 4
99 1377 5
99 771 5
99 1382 5
99 1380 5
99 1531 4
99 339 4
100 1041 5
100 485 5
100 320 5
100 1661 5
100 1403 5
100 1597 5
100 1357 4
101 1227 5
101 1635 5
101 1404 5
101 955 4
101 129 4
101 1208 5
101 793 5
101 906 5
101 122 5
101 295 5
101 1301 5
101 854 5
101 1581 5
101 560 5
102 1531 4
102 1420 4
102 653 4
102 1399 5
102 984 4
102 742 5
102 1624 4
102 1139 4
102 787 4
102 1569 4
102 416 5
102 872 4
102 1355 4
102 255 4
102 1198 4
103 128 4
103 949 4
103 1507 5
103 1227 4
103 476 4
103 1484 5
103 690 4
104 1562 5
104 1284 5
104 1343 4
104 1664 4
104 859 4
104 739 5
104 1373 4
104 485 4
105 791 5
105 694 5
105 308 4
105 955 5
105 1430 5
105 627 5
105 555 4
106 793 5
106 1476 4
106 480 5
106 210 4
106 1083 4
106 349 4
106 493 4
106 1282 4
106 255 4
106 835 4
106 30 5
107 967 5
107 1200 4
107 1012 4
107 1030 5
107 1000 5
107 747 4
107 151 5
107 1496 5
107 687 5
107 925 5
107 275 5
107 337 5
108 1284 4
108 1676 4
108 1156 4
108 1182 4
108 1396 4
108 675 4
108 618 4
108 918 4
108 1314 3
108 468 3
108 1156 3
108 705 5
108 1568 3
108 1044 4
108 844 4
108 928 4
108 260 4
108 1227 5
108 336 4
108 1227 4
108 571 4
108 823 4
108 1351 4
108 1370 5
108 1224 3
108 1482 3
108 1355 5
109 1153 3
109 192 3
109 1404 4
109 1377 5
109 1162 4
109 1350 4
109 1624 4
109 1375 4
109 1650 5
109 234 3
109 89 4
109 363 3
109 260 3
109 607 4
109 810 4
109 1058 4
109 462 3
109 208 4
109 1156 5
109 445 4
109 1040 4
109 287 4
110 1597 4
110 1227 5
110 1517 4
110 1267 4
110 605 4
110 1676 4
110 0 4
110 840 5
110 1000 4
110 1174 5
111 129 4
111 1241 4
111 444 5
111 184 4
111 1366 4
111 1375 4
111 1624 5
111 1283 4
111 387 4
111 1458 4
111 234 4
111 130 4
111 427 4
111 1416 4
111 339 4
111 1083 4
111 210 5
111 46 5
111 1006 4
111 1145 4
111 374 4
111 969 4
111 982 4
111 1517 5
111 1249 4
111 1000 4
111 1093 4
111 1350 4
112 1000 5
112 266 4
112 1162 5
112 1610 5
112 329 5
112 1481 5
112 918 5
112 1178 4
112 278 5
112 625 4
112 129 4
112 1035 5
112 1267 5
112 368 4
112 471 5
112 920 5
112 1484 5
113 1444 4
113 310 4
113 210 5
113 266 5
113 1661 4
113 1199 5
113 872 4
113 1172 4
113 1435 4
113 317 4
113 846 4
113 500 5
113 1000 5
114 1030 5
114 451 5
114 620 4
114 689 5
114 1139 4
114 1199 5
114 1531 5
114 840 4
114 653 5
114 928 4
115 574 4
115 1356 2
115 444 4
115 840 4
115 1558 4
115 1588 4
115 731 3
115 1354 3
115 732 2
115 264 3
115 405 2
115 775 4
115 52 2
115 1684 3
115 778 4
115 660 2
115 1106 3
115 966 4
115 1224 4
115 1389 4
115 605 4
115 750 4
115 815 3
115 956 2
115 118 2
115 1427 4
115 1562 4
115 1668 2
116 1010 4
116 1215 4
116 1170 4
116 17 5
116 916 4
116 1346 4
116 2 4
116 826 5
116 386 4
116 184 4
116 1204 4
116 1102 4
116 42 4
116 1041 4
116 646 4
116 1476 4
116 1638 4
116 106 5
117 250 4
117 337 4
117 1313 4
117 319 4
117 1077 4
117 592 4
117 200 4
117 747 4
117 397 4
117 571 4
117 612 4
117 5 4
117 1250 5
117 83 4
117 1657 5
117 427 4
117 191 4
117 909 4
117 1486 4
117 1197 4
117 1057 4
117 480 5
117 1284 4
117 255 4
117 1030 5
117 120 4
117 596 4
117 451 4
117 270 4
117 1416 4
117 1020 4
118 464 4
118 392 4
118 655 4
118 1260 4
118 1350 4
118 1012 4
118 1174 4
118 1562 4
118 1531 5
118 1651 4
118 1124 4
119 243 4
119 131 4
119 622 4
119 670 5
119 336 5
119 812 5
119 495 4
119 575 4
119 573 4
119 722 5
119 2 5
119 483 4
119 1071 4
119 143 5
119 1397 5
119 89 4
119 1357 4
119 736 4
119 464 5
119 3 5
119 275 5
119 1122 5
120 840 4
120 654 4
120 1375 5
120 1044 4
120 631 4
120 1462 4
120 1236 4
120 939 4
120 368 4
120 457 4
120 196 4
120 55 5
120 1435 4
120 1246 4
120 1351 4
120 1163 4
120 1350 4
120 270 4
120 694 4
120 1602 4
121 1150 4
121 238 4
121 1224 4
121 130 4
121 485 4
121 791 4
121 420 4
121 72 5
121 13 5
121 889 5
121 689 4
121 130 5
121 1356 4
121 495 4
121 670 4
121 1 4
121 684 5
121 1243 4
121 408 4
121 1113 4
121 1484 5
122 275 5
122 707 5
122 89 5
122 374 4
122 1248 4
122 258 4
122 457 4
122 1343 4
122 1617 5
122 314 5
122 1624 4
122 1198 5
123 1200 4
123 275 4
123 480 5
123 1404 4
123 793 5
123 918 4
123 1496 5
123 1531 4
123 682 4
123 1427 4
123 686 4
123 1041 5
123 1610 4
123 1443 5
123 1628 4
123 1661 4
123 266 4
123 1139 4
123 381 4
123 1203 4
123 1215 4
123 315 5
123 1134 4
123 909 4
123 32 4
123 569 5
124 200 5
124 1153 4
124 568 4
124 839 4
124 989 4
124 127 4
124 1118 4
124 349 4
124 910 4
124 731 4
124 984 4
124 1665 4
124 1427 4
124 830 4
124 1404 4
124 1061 4
124 1209 4
124 86 4
124 73 4
124 1311 4
124 717 4
124 1163 4
124 627 4
124 1361 4
124 72 4
124 1006 4
124 157 4
124 1110 4
124 1508 4
124 555 4
125 500 5
125 885 4
125 979 5
125 1545 4
125 1352 5
125 184 5
125 1523 5
125 554 5
125 536 5
125 1648 5
125 1199 4
125 680 5
125 686 5
125 1156 5
126 1673 5
126 1435 5
126 457 5
126 948 4
126 103 4
126 1597 4
126 618 5
126 1350 5
126 797 5
126 1661 4
126 1464 5
126 1496 5
126 1651 4
126 480 5
127 680 5
127 569 4
127 1375 5
127 72 5
127 625 4
127 687 5
127 982 3
127 653 4
127 371 5
127 399 4
127 1357 4
127 1450 4
127 1000 4
127 1166 3
127 474 4
127 1174 5
127 977 3
127 468 4
127 787 3
127 1082 5
128 374 4
128 495 4
128 793 4
128 277 4
128 105 4
128 416 4
128 54 5
128 1082 5
128 596 4
128 106 4
128 501 5
128 109 5
128 1198 4
128 205 4
128 851 4
128 1481 5
128 638 4
128 226 5
128 1077 5
128 1654 4
128 201 4
128 248 4
128 1183 4
128 886 4
128 1087 5
128 500 4
129 1131 5
129 1581 5
129 1311 4
129 979 4
129 246 4
129 94 5
129 267 4
129 673 4
129 479 4
130 1541 5
130 689 5
130 575 5
130 1664 5
130 1391 5
130 483 5
130 1180 4
130 1594 4
131 1373 5
131 536 5
131 503 5
131 1554 4
131 1352 5
131 1140 5
131 872 4
131 1450 5
131 577 5
131 395 4
131 1041 5
131 1443 5
131 1311 5
131 143 4
131 900 4
131 1203 4
131 841 5
131 226 5
131 1110 5
131 457 5
131 30 5
131 426 4
131 1407 4
131 575 5
131 642 4
132 536 4
132 1082 4
132 658 5
132 415 5
132 1650 4
132 1241 4
132 442 4
132 157 4
132 928 5
132 1145 5
132 1531 5
132 1293 4
132 1083 4
132 408 4
132 627 4
132 1397 5
132 1153 4
132 1581 4
133 687 4
133 1595 4
133 1352 4
133 1083 5
133 1416 4
133 287 5
133 1405 4
133 1624 4
133 255 4
133 349 4
134 122 4
134 1369 4
134 1150 5
134 1118 4
134 517 4
134 1545 4
134 295 4
134 876 4
134 349 5
134 627 5
134 234 5
134 1286 5
134 916 4
134 1248 4
134 886 5
134 1198 5
134 455 5
134 1375 4
134 1602 4
135 1458 4
135 1248 5
135 997 4
135 157 5
135 1371 4
135 656 4
135 1393 5
135 793 5
135 275 5
135 1132 5
135 445 5
135 1377 4
135 122 4
135 596 5
135 319 5
135 1484 5
135 736 5
135 189 5
135 509 5
135 1091 4
135 1496 5
135 683 5
135 1657 4
135 203 5
135 1533 4
135 113 5
135 1420 5
135 1058 5
135 369 4
135 1594 4
135 863 4
135 900 4
135 1570 4
135 407 5
136 1650 5
136 729 4
136 229 4
137 457 5
137 485 5
137 1403 4
137 674 4
137 961 5
137 275 5
137 1595 4
137 788 5
137 444 4
138 793 5
138 1153 4
138 1058 5
138 1282 4
138 1568 4
138 1174 5
138 1407 5
138 1204 4
138 208 4
138 1296 4
138 1290 4
139 961 4
139 1075 4
139 1030 4
139 336 4
139 1645 5
139 1312 5
139 1201 5
139 503 4
139 157 4
139 392 5
140 308 4
140 1648 4
140 1373 4
140 1032 4
140 1519 4
140 179 4
140 1242 4
140 1595 5
140 1065 4
140 1284 4
140 153 4
141 405 4
141 1531 5
141 1102 4
141 238 4
141 650 4
141 1569 4
141 3 5
141 656 5
141 555 4
141 694 4
141 1331 4
141 106 5
141 1168 4
141 1343 5
141 823 5
141 1507 5
141 1005 4
142 1451 4
142 650 5
142 1007 4
142 862 4
142 316 4
142 1357 4
142 940 4
142 431 4
142 909 5
142 226 4
142 427 4
142 1306 4
142 571 4
142 964 4
142 1122 5
142 866 4
142 906 5
142 1596 4
142 126 4
142 762 4
142 413 4
142 771 5
142 2 4
142 1300 4
142 215 4
142 262 4
142 1265 4
142 563 4
142 1413 4
142 759 3
142 399 4
142 636 4
142 275 4
142 1031 4
142 435 4
143 274 4
143 1321 5
143 1030 5
143 1259 4
143 127 5
143 682 4
143 1044 5
143 631 4
143 642 5
143 46 5
143 416 5
143 455 4
143 1352 4
143 457 5
143 963 4
143 1578 5
144 1377 5
144 266 4
144 1523 4
144 1610 5
144 627 5
144 442 5
144 224 5
144 416 4
144 1163 5
144 1430 4
144 1037 5
145 1031 4
145 1375 4
145 1 5
145 787 4
145 1031 5
145 1156 5
145 1005 4
146 650 4
146 1375 4
146 394 4
146 109 4
146 805 4
146 619 4
146 275 4
146 1045 4
146 374 4
146 383 4
146 72 4
146 967 4
146 750 4
146 1271 4
146 99 4
146 1174 4
146 1683 4
146 1427 4
146 1198 5
146 593 4
146 1 4
146 958 4
146 200 4
147 1209 5
147 1624 5
147 1007 4
147 1595 3
147 70 4
147 451 5
147 210 5
147 803 4
147 1128 4
148 1059 4
148 295 4
148 949 4
148 495 4
148 1595 4
148 717 4
148 1243 5
148 859 5
149 529 4
149 625 5
149 1450 4
149 994 5
149 1355 4
149 337 5
149 1444 5
149 1286 4
150 1597 4
150 70 5
150 1225 4
150 859 4
150 625 5
150 1357 5
150 1593 5
150 1347 4
150 129 5
150 585 5
150 179 4
150 1198 5
150 1075 5
150 978 4
151 135 5
151 226 5
151 404 5
151 1352 5
151 1643 5
151 201 5
151 705 4
151 1209 5
151 1074 5
151 1012 5
151 1516 4
152 468 4
152 1030 4
152 495 4
152 1405 5
152 1 4
152 1375 4
152 416 5
152 189 4
152 1396 4
152 673 5
152 1595 4
153 275 5
153 1610 5
153 1476 5
153 255 5
153 1357 5
153 1376 4
153 577 4
153 1012 4
153 83 5
153 119 4
153 208 5
153 1676 4
153 555 5
153 940 4
153 625 5
153 605 4
153 539 5
153 479 5
154 106 4
154 594 4
154 916 4
154 135 4
154 314 4
154 89 4
154 1676 4
154 1375 4
154 571 5
154 1227 4
154 275 4
154 973 3
155 793 5
155 1083 4
155 1311 4
155 1405 5
155 495 5
155 1443 5
155 229 4
155 1000 4
155 1531 4
155 408 5
155 1128 5
155 575 4
155 950 4
155 131 5
156 38 5
156 964 4
156 1083 4
156 921 4
156 1355 5
156 112 5
156 1248 4
156 846 4
156 687 5
156 806 4
156 54 5
156 1200 5
156 385 4
157 348 5
157 70 5
157 1150 5
157 1351 5
157 921 4
157 308 4
157 1198 5
157 872 5
158 1375 4
158 239 5
158 1608 4
158 1083 4
158 968 4
158 565 5
158 571 5
158 924 4
158 15 4
158 1476 5
158 103 4
158 241 5
158 1505 4
158 1005 4
158 721 4
158 1511 4
158 1140 5
158 106 5
158 1536 4
158 253 5
158 38 4
158 1496 5
158 122 4
158 1215 5
158 364 4
158 1054 4
158 515 4
158 1110 4
158 1581 5
158 464 4
158 1562 5
158 1282 4
158 625 4
158 840 5
158 1436 4
158 657 5
158 307 4
158 984 4
158 754 4
158 1037 4
158 1375 4
158 552 5
158 859 4
158 201 4
158 1199 5
158 1219 4
158 13 4
158 1385 5
158 1150 4
158 824 5
158 424 5
158 1598 4
159 1402 4
159 46 4
159 1564 5
159 566 5
159 1150 4
159 575 4
159 1695 4
159 1203 4
159 426 4
159 255 4
159 251 4
159 1307 5
159 854 4
159 464 5
159 1201 5
159 349 4
159 321 4
159 1000 4
159 958 4
159 1645 5
159 83 4
159 72 4
159 1377 4
159 899 4
159 1162 4
160 1062 4
160 404 4
160 1030 4
160 1368 4
160 337 5
160 1450 4
160 1642 4
161 503 5
161 1000 4
161 1428 4
161 1082 4
161 1569 4
161 61 4
161 1169 4
161 689 5
161 1213 4
161 780 5
161 1624 5
161 1227 5
161 1085 4
161 909 5
161 945 4
162 130 5
162 399 5
162 1650 5
162 416 4
162 122 5
162 295 4
162 967 4
163 208 4
163 1122 5
163 304 5
163 805 5
163 1092 3
163 1384 4
163 1467 5
163 320 4
163 1357 5
163 1575 5
163 1377 5
163 1352 5
163 1637 4
164 1311 5
164 631 4
164 72 4
164 363 5
164 1641 4
164 119 4
164 687 5
164 1171 4
165 1072 4
165 1392 4
165 959 4
165 266 4
165 1427 4
165 768 3
165 588 4
165 1655 4
165 1658 4
165 1188 4
165 1501 3
165 472 4
165 446 3
165 1570 4
165 1278 4
165 1370 5
165 534 4
165 33 4
165 1250 4
165 1123 5
165 954 3
165 650 3
165 678 4
165 1132 3
165 332 3
165 528 4
165 1297 3
165 1638 3
165 305 3
165 50 3
165 310 3
165 480 4
165 569 3
165 1682 4
165 1171 4
165 1147 4
165 1434 4
165 1489 4
165 929 4
165 741 3
165 87 4
165 210 4
165 1670 4
165 1131 4
165 205 4
165 486 4
165 1 4
165 559 4
165 488 3
165 1413 3
165 626 4
165 416 4
165 1639 3
165 1298 4
165 788 4
165 434 4
165 914 5
165 420 3
165 700 4
165 250 5
165 851 3
165 296 4
165 1443 4
165 1260 3
165 536 4
165 436 4
165 864 4
165 594 4
165 1292 4
165 92 4
165 852 4
165 921 5
165 62 4
165 595 4
165 1269 4
165 1094 5
165 361 4
165 975 3
165 917 4
165 453 4
165 373 4
165 1386 4
165 1677 4
165 1594 3
165 866 4
165 392 4
166 1180 4
166 45 4
166 303 4
166 973 4
166 1519 4
166 1397 4
166 670 4
166 1382 4
166 1403 4
166 1666 4
166 1020 5
166 1484 4
166 625 4
166 1343 4
166 689 4
166 1407 4
166 1255 4
166 1201 4
166 473 4
166 1450 4
166 1256 4
166 523 4
166 1427 4
166 627 5
166 1219 4
166 297 5
166 1402 5
166 255 4
166 824 4
166 694 5
167 500 4
167 1121 5
167 733 4
167 38 5
167 12 4
167 994 5
167 1237 4
167 1516 4
167 1581 4
167 415 4
167 248 4
167 1198 5
168 1673 5
168 258 5
168 867 4
168 1141 4
168 372 5
168 1165 4
168 1351 3
168 1304 4
169 140 4
169 38 5
169 1373 4
169 387 4
169 1399 4
169 1000 4
169 1047 5
169 1595 4
169 54 5
169 1145 4
169 710 4
169 1597 4
169 994 4
170 320 4
170 37 4
170 409 4
170 961 4
170 109 4
170 90 4
170 210 5
170 1366 4
170 872 4
170 1624 5
170 1366 4
170 743 4
170 1155 4
170 46 4
170 958 4
170 11 4
171 250 5
171 682 4
171 967 5
171 1041 5
171 444 4
171 1014 4
171 479 4
171 963 4
171 971 4
171 293 5
171 7 4
171 1443 5
171 1357 4
171 250 4
171 451 5
171 1359 4
171 1643 4
171 184 5
171 317 4
171 1476 5
171 925 5
171 1635 4
172 383 4
172 310 4
172 631 5
172 1197 4
172 1058 4
172 1650 4
172 916 4
172 106 4
173 222 5
173 480 4
173 548 4
173 1650 4
173 687 4
173 55 4
173 1531 5
173 1443 4
173 334 4
173 1661 5
174 1594 4
174 1487 4
174 623 4
174 1324 4
174 1259 4
174 1676 4
174 711 4
174 750 4
175 912 5
175 1695 4
175 86 4
175 1008 5
175 166 4
175 1399 5
175 99 5
175 939 4
175 13 4
175 1450 4
175 1580 4
175 420 4
175 854 4
175 500 5
175 780 4
175 480 5
175 319 4
175 232 4
175 565 4
175 948 4
175 46 4
175 1153 4
175 420 4
175 1361 4
175 1651 4
176 1020 5
176 296 4
176 1384 5
176 1198 5
176 682 4
176 1163 4
176 1311 5
176 1052 4
176 1651 4
176 1058 4
176 378 4
176 555 4
176 127 4
176 1597 4
176 480 4
176 1569 4
176 1360 4
176 1376 4
176 1624 4
177 271 4
177 1597 5
177 1391 4
177 1415 5
177 680 4
177 1522 4
177 972 4
177 503 4
177 464 5
177 793 5
177 1364 5
177 737 4
177 1426 4
177 1311 4
177 41 4
177 1000 5
177 266 5
177 1296 5
178 519 4
178 1624 5
178 235 4
178 1227 5
178 949 4
178 1153 5
178 392 4
178 1610 4
178 1405 4
178 950 5
178 255 4
178 1624 4
178 1495 5
178 1670 4
178 145 5
178 99 4
178 1533 4
178 844 5
178 631 4
178 503 4
178 38 4
178 1443 5
178 236 5
179 1364 5
179 1074 4
179 736 5
179 725 4
179 1355 4
179 1375 5
179 631 4
179 858 4
179 272 4
179 1517 4
179 368 4
179 1082 4
179 1083 4
179 1487 4
179 710 4
179 1578 4
179 106 4
179 1031 4
179 789 4
179 1659 4
180 670 5
180 296 4
180 928 5
180 30 4
180 1012 5
180 420 4
180 1352 4
180 451 4
180 1082 4
180 278 4
180 527 4
180 1156 4
180 979 4
180 1664 4
181 349 5
181 1282 4
181 1148 5
181 1150 4
181 1505 5
181 642 5
181 1364 4
181 1680 5
181 1145 5
181 1562 4
181 442 4
181 1147 5
182 840 5
182 103 4
182 1633 4
182 1597 4
182 1286 4
182 653 4
182 363 4
182 994 5
182 1635 4
182 1000 5
183 110 4
183 201 4
183 1624 4
183 631 5
183 1397 4
183 1484 4
184 1351 5
184 587 5
184 1227 5
184 169 4
184 538 5
184 278 5
184 103 5
184 368 4
184 1198 5
184 670 5
184 393 5
184 614 4
185 1590 4
185 328 5
185 612 5
185 1005 4
185 266 5
185 27 4
185 909 5
185 949 4
185 1680 4
185 1178 4
185 679 4
185 1593 5
185 451 5
185 1595 4
185 1145 5
185 1243 5
186 1624 5
186 1351 4
186 979 5
187 1203 5
187 277 4
187 1351 4
187 1624 4
187 226 5
187 1241 5
187 38 5
188 457 5
188 961 5
188 1487 4
189 579 4
189 1531 5
189 91 5
189 599 4
189 736 4
189 275 5
189 717 5
189 67 4
189 824 4
189 1534 4
189 814 4
189 674 4
189 1474 4
189 757 4
189 1232 4
189 1554 4
189 1281 4
189 1449 4
189 605 5
189 1118 5
189 568 4
189 1404 4
189 1569 4
189 977 4
189 710 4
189 401 4
190 1569 4
190 90 4
190 1676 4
190 916 4
190 1198 4
190 210 5
190 485 5
191 1624 3
191 1377 4
191 1284 4
191 416 4
191 627 4
191 722 4
191 179 3
191 502 4
191 1118 4
191 189 4
191 1058 4
191 1529 4
191 918 4
191 823 4
191 824 4
191 1012 4
192 736 4
192 787 4
192 495 5
192 816 4
192 1351 5
192 72 5
192 1010 4
192 1242 4
192 1613 4
192 797 4
193 394 3
193 581 3
193 587 4
194 1389 4
194 756 4
194 99 4
194 495 4
195 1332 5
195 994 5
195 315 5
195 810 4
196 1606 4
196 920 5
196 457 5
196 81 4
196 1041 5
196 961 4
196 1569 4
196 337 4
196 940 5
197 1082 5
197 653 5
197 426 5
197 229 4
197 1511 4
197 1074 5
197 130 5
197 687 5
197 368 5
197 483 5
197 103 5
197 1156 4
198 750 5
198 130 4
198 68 4
198 1624 5
198 1643 4
198 1578 4
199 960 4
199 1572 3
199 644 4
199 48 4
199 334 3
199 1181 3
199 357 5
199 995 5
199 16 4
199 643 4
199 291 4
199 628 4
199 882 5
199 177 4
199 1018 3
199 181 4
199 958 4
199 1277 3
199 644 5
199 649 4
199 12 4
199 505 4
200 1541 4
200 132 4
200 1174 4
200 708 5
200 1697 5
200 994 4
201 483 4
201 1137 4
201 1627 5
201 861 4
201 995 5
201 763 4
201 1684 5
201 1376 4
201 909 5
201 730 4
201 726 5
201 775 4
201 752 4
201 70 4
201 10 5
201 487 4
201 46 5
201 1369 4
201 1618 5
201 518 4
201 1357 4
201 396 4
201 1009 4
201 1156 4
201 1172 5
201 1411 4
201 1578 4
201 464 5
201 1602 5
201 1165 4
201 716 4
201 1405 4
201 318 4
201 179 4
201 1496 4
201 1569 5
201 105 4
201 275 5
201 610 5
201 6 5
202 674 5
202 157 4
202 1226 4
202 226 4
202 1157 5
202 1193 5
202 647 5
202 654 5
202 1234 4
202 700 5
202 1487 5
202 780 4
202 1040 5
202 501 4
202 445 4
202 209 4
202 617 5
202 821 4
202 459 4
202 1472 5
202 180 4
202 736 4
202 840 4
202 651 4
202 41 4
202 787 4
202 490 4
202 642 4
202 134 4
202 523 4
202 718 4
202 1349 5
202 30 4
202 1219 5
202 1405 5
202 1554 4
202 877 5
202 650 4
202 961 5
202 1639 5
202 266 4
202 175 4
202 1545 4
202 184 4
202 1648 4
202 627 5
202 1674 4
202 456 4
202 131 4
202 308 5
202 510 4
202 256 5
202 387 4
202 97 4
202 113 5
202 916 4
203 916 4
203 1155 5
203 1214 4
203 1210 4
203 1322 4
203 75 5
203 1079 4
203 523 5
203 1402 4
203 1212 4
203 1400 4
204 1082 5
204 585 4
204 1058 5
204 1610 5
204 1030 4
205 485 5
205 1110 4
205 1375 4
205 1082 5
205 1248 4
205 1413 4
205 415 5
205 388 4
205 464 4
206 242 4
206 495 4
206 994 5
206 1145 4
206 200 4
206 529 4
206 1632 4
206 1559 4
207 1664 4
207 1267 4
207 1320 5
207 1531 4
208 676 3
208 604 4
208 901 3
208 1312 4
208 952 4
208 994 5
208 181 4
208 1176 4
208 1171 3
208 757 4
208 468 3
209 299 4
209 449 4
209 902 4
209 1676 4
209 430 4
209 793 4
209 1302 5
209 88 4
209 593 4
209 81 4
210 495 4
210 764 5
211 688 5
211 1008 5
211 729 5
211 608 4
211 1640 4
212 1060 3
212 1521 3
212 49 3
212 1414 3
212 428 3
212 338 3
212 1662 3
212 1318 3
212 898 3
212 843 3
212 102 3
212 144 3
212 343 3
212 1320 3
212 206 3
212 1022 3
212 1157 3
212 884 3
212 1372 3
212 1699 3
212 837 3
212 1342 3
212 356 3
212 31 3
212 1029 3
212 665 3
212 225 3
212 184 4
212 40 3
212 1063 3
212 145 3
212 766 3
212 1700 3
212 172 3
212 1689 3
212 20 3
212 1023 3
212 1048 3
212 358 3
212 66 3
212 677 3
212 280 3
213 886 4
213 1074 4
213 248 4
213 1286 4
213 1435 4
213 1481 4
213 327 5
213 1693 5
213 273 4
213 1366 4
213 889 4
213 747 4
213 928 5
213 1030 5
213 1566 4
213 391 5
214 1363 4
214 188 4
214 1603 4
214 487 4
214 163 4
214 896 4
214 983 5
215 1284 5
215 1589 4
215 76 4
215 244 4
215 1505 4
215 824 4
215 363 4
215 546 4
216 255 4
216 160 4
216 555 4
216 555 4
216 793 5
216 1036 4
216 1418 4
216 614 5
216 952 4
216 666 4
216 234 4
216 434 4
216 800 4
217 133 5
217 315 4
217 1571 4
217 1614 4
217 394 4
217 1226 4
217 1107 4
217 1436 4
217 949 4
217 1527 4
217 1176 4
218 255 4
218 464 5
218 54 4
218 923 4
218 538 4
218 928 4
218 1110 4
218 1380 5
218 1410 4
218 559 4
218 483 4
218 793 4
219 904 5
219 1648 4
220 119 4
220 166 4
220 840 4
220 336 4
220 279 4
220 554 4
220 1416 4
220 1035 5
221 176 4
221 1099 3
221 1636 3
221 508 4
221 1518 4
221 1473 3
221 1623 4
221 1636 4
221 1681 4
221 1453 4
222 90 5
222 248 4
222 1631 4
222 1351 5
222 438 4
222 1284 4
222 895 4
223 774 4
223 577 4
223 781 4
223 784 4
223 816 4
223 949 4
223 134 4
223 1364 4
223 1082 4
223 1267 4
223 24 4
224 555 5
224 1650 5
224 1651 5
225 684 4
225 1437 4
225 382 4
225 773 4
225 621 4
225 415 4
225 240 4
225 855 4
225 205 4
225 359 4
225 322 4
225 874 4
225 816 4
225 647 4
225 1613 4
225 1221 4
225 1105 4
225 297 4
225 1610 4
225 782 4
225 1384 4
225 771 5
225 1215 4
225 664 5
225 818 4
225 1652 4
225 1174 4
225 330 4
225 583 4
225 1550 4
225 86 4
225 889 4
225 1373 5
225 1384 4
225 362 5
225 1650 5
225 720 4
225 473 4
225 1647 4
225 1494 4
225 845 4
225 662 4
225 94 4
225 1567 4
225 1059 4
225 669 4
225 1434 4
225 834 4
225 440 4
225 786 4
225 1528 5
225 974 4
225 1286 5
225 1270 4
225 1183 4
225 909 4
225 1476 5
225 374 4
226 1455 4
226 1524 4
226 1559 4
226 199 4
226 1629 4
226 1128 4
226 857 4
226 1066 4
226 816 4
226 174 4
226 1270 4
226 1509 4
226 840 4
227 355 4
227 835 4
228 1360 4
228 633 4
228 940 4
228 1330 4
228 1394 4
228 146 4
228 990 4
228 282 5
228 1429 4
228 1679 4
228 16 4
229 80 4
229 462 4
229 835 4
229 1442 4
229 818 4
229 258 4
229 642 4
229 1407 4
229 402 4
229 642 4
229 1252 4
229 1470 4
229 850 4
229 1311 4
229 739 4
229 995 4
229 725 4
230 585 4
230 1698 4
230 683 4
230 324 4
230 1224 5
230 495 4
231 994 4
231 1199 4
231 823 4
231 1597 5
231 1000 4
231 1188 4
231 836 5
231 909 4
231 1034 4
231 928 5
231 1005 4
231 1284 4
231 1139 4
231 1248 4
231 569 5
231 1495 4
231 1484 5
231 1578 4
231 127 4
231 208 4
231 617 4
231 460 5
231 455 5
231 323 5
231 631 5
231 1128 4
231 1646 4
231 106 5
231 989 5
231 669 5
232 615 4
232 1049 4
232 325 4
232 620 4
232 674 5
232 791 5
232 1475 4
232 1224 4
232 312 4
232 1564 4
232 1081 4
232 1273 4
232 1569 4
232 387 4
232 348 4
232 281 5
232 1152 4
232 1303 4
232 159 4
232 12 4
232 748 4
232 247 4
232 416 4
232 637 5
232 1609 5
232 613 5
232 824 4
232 275 4
232 824 4
232 1021 4
232 1019 4
232 1087 4
233 840 5
233 179 5
233 967 5
233 79 5
233 1569 5
233 750 5
233 523 4
233 671 5
233 1597 5
233 1488 5
233 1165 5
233 71 5
233 30 5
233 908 4
233 467 5
233 1410 5
233 1204 5
234 614 4
234 444 4
234 1241 3
234 410 4
234 8 4
234 190 4
234 1406 4
234 1375 4
234 788 5
234 1324 4
234 1020 4
234 320 4
234 1186 3
234 1263 3
234 757 3
234 1077 4
234 698 3
234 808 4
234 110 3
234 336 3
234 1660 3
234 742 4
234 927 4
234 823 3
234 1476 3
234 1697 4
234 838 3
234 1595 5
234 98 4
234 571 4
234 35 4
234 873 4
234 771 3
234 1411 4
234 1677 4
234 447 4
234 404 3
234 39 3
234 1663 4
234 1355 3
234 601 4
234 1520 4
234 964 4
234 1000 4
234 565 3
234 249 4
234 1596 3
234 131 4
234 260 3
235 1357 4
235 1643 5
235 1082 4
235 259 4
235 478 4
235 872 5
235 73 4
235 1131 4
235 353 4
235 582 5
235 1382 4
235 464 4
235 1635 4
235 517 4
235 1431 4
235 1531 5
235 1059 5
235 1357 5
235 1108 4
235 689 4
235 1374 4
235 493 4
235 1364 4
235 1676 4
236 1422 4
236 120 5
236 1433 4
236 87 4
237 80 4
237 957 4
237 136 4
237 994 5
237 465 3
237 1668 4
237 930 5
237 1043 4
237 562 4
237 1206 4
237 921 4
237 311 4
237 439 4
237 966 3
237 1169 5
237 129 4
237 754 4
237 1253 3
237 817 4
237 1100 4
237 12 5
237 1384 5
237 1673 5
237 293 4
237 581 4
237 128 4
237 25 3
237 572 4
237 1127 4
237 1213 4
237 433 4
237 1573 4
237 1224 4
237 297 4
237 1657 4
237 746 3
237 1259 5
237 1694 4
237 344 4
237 292 4
237 576 5
237 336 3
237 995 4
237 1016 4
237 30 3
237 1221 5
237 1231 4
237 1388 4
237 858 5
237 1685 4
237 1483 4
237 980 4
237 631 5
238 982 5
238 1147 4
238 982 5
238 523 5
238 57 5
239 1184 4
239 1013 4
239 1042 5
239 513 4
239 707 5
239 591 5
239 749 4
239 221 5
239 755 4
239 14 5
239 143 5
239 208 4
239 440 4
240 57 4
240 543 5
240 91 4
240 1485 4
240 1488 4
240 1482 4
240 284 5
240 760 5
240 512 4
241 902 4
241 477 4
241 377 4
241 271 4
241 532 4
241 1328 4
241 1563 4
241 1637 4
241 1623 4
241 870 4
241 201 4
241 457 4
241 553 4
241 1247 4
241 1547 5
241 1188 4
241 168 5
241 598 4
241 925 4
241 213 4
241 846 5
241 1250 4
241 1411 5
241 351 4
241 1274 4
241 257 4
241 1228 4
241 283 5
241 692 4
241 616 5
241 676 4
241 1044 4
241 1625 5
241 910 4
241 1480 4
241 559 4
241 207 4
241 344 4
241 1216 5
241 1038 4
241 911 4
241 641 4
241 444 4
241 471 4
241 1000 4
241 1015 4
241 1138 4
241 1624 4
241 664 4
241 325 5
241 1653 4
241 1244 4
241 603 4
241 1111 4
241 1688 4
241 752 5
241 482 4
241 205 4
241 1498 4
241 391 4
241 72 4
241 1617 4
241 1343 4
241 109 4
241 55 4
241 1099 4
241 1549 4
241 1035 4
241 157 4
241 46 5
241 891 4
241 258 4
241 946 4
241 745 4
242 685 5
242 99 4
242 937 4
242 101 4
242 1227 4
242 416 4
242 471 4
242 37 4
242 961 4
242 661 4
242 1208 4
242 864 4
242 597 4
242 212 4
242 1267 4
242 189 4
242 558 4
242 285 4
243 1592 5
243 1328 5
243 253 5
243 1251 4
243 446 4
243 1338 5
243 887 4
243 99 4
243 1492 5
243 1184 5
243 1447 4
243 902 4
243 1207 4
244 1413 4
244 1460 4
244 332 4
244 1639 4
244 1562 4
244 617 4
244 240 4
244 1651 4
244 835 4
244 1026 4
244 1083 4
244 244 4
244 1355 4
244 982 4
244 928 4
244 1111 4
245 1355 4
245 318 5
245 1101 5
245 1209 5
245 1190 4
245 260 5
245 365 5
245 943 4
245 1174 5
245 1477 5
245 1223 5
245 1695 4
245 337 5
245 54 5
245 1309 5
245 669 5
245 362 5
245 182 5
245 1391 4
245 275 5
245 637 5
245 1091 5
245 592 4
245 234 4
245 592 4
245 1578 4
245 1674 5
245 22 5
245 578 4
245 1077 5
245 1382 5
245 894 5
245 682 5
245 869 4
245 64 4
245 368 5
245 337 5
245 103 5
246 1073 4
246 1641 4
246 1624 5
246 682 4
246 1545 4
246 1289 4
246 1544 5
246 926 4
246 1610 4
246 95 4
246 1114 4
246 1232 4
246 432 5
246 1476 4
246 767 4
246 1336 5
246 1396 5
246 993 4
246 4 5
246 1441 4
246 1033 4
246 878 4
246 596 5
246 1040 4
246 729 4
246 1453 4
246 349 4
246 484 4
246 1143 4
246 162 4
246 1516 5
246 1362 4
246 387 4
246 1250 4
246 949 4
246 52 4
246 1 4
246 923 4
246 1399 5
246 1445 4
246 988 5
246 458 4
246 536 4
246 1156 4
246 1203 4
246 1405 4
246 1030 4
246 1311 5
246 1376 4
246 459 4
247 1475 4
247 819 4
247 645 4
247 1507 4
247 303 4
247 1357 4
247 771 4
247 872 4
247 961 4
247 1112 4
247 258 4
247 1570 4
247 1423 4
247 131 4
247 963 4
247 955 4
247 120 4
247 317 4
247 1561 4
247 1612 4
247 480 4
247 1083 4
247 1595 4
247 684 4
247 543 4
247 1092 4
247 1069 4
247 503 4
247 399 4
247 920 4
247 18 4
247 1058 4
248 825 4
248 1545 4
248 1030 5
248 1175 4
248 1651 4
248 1340 4
248 437 4
248 1312 4
248 197 4
248 620 4
248 1116 4
248 285 4
248 1687 4
248 1649 4
248 540 5
248 217 4
248 1605 4
249 87 4
249 521 4
249 1086 4
249 337 5
249 1583 4
249 1676 4
249 290 4
249 1440 5
249 819 4
249 733 5
249 280 3
249 1357 4
249 1580 4
249 1383 4
249 977 4
249 1219 4
249 726 4
249 1651 4
249 46 5
249 1011 4
249 353 5
249 117 3
249 1506 3
249 840 4
249 1156 3
249 982 3
249 412 3
249 886 4
249 1407 4
249 1103 5
249 370 4
249 858 4
249 1338 3
249 610 5
249 802 4
249 1539 4
249 288 3
249 92 4
249 1268 4
249 1555 3
249 1301 4
249 309 5
249 1452 4
249 275 5
249 1645 4
249 1259 5
249 1491 4
249 799 4
249 1144 5
249 1697 4
249 145 3
249 1415 4
249 715 4
249 1457 4
249 999 3
249 721 4
249 1227 4
249 1098 4
249 387 5
249 319 4
249 536 4
249 890 3
249 1397 3
249 481 3
249 1623 3
249 1317 4
249 1241 4
249 1055 4
250 1000 4
250 670 4
250 762 4
250 1311 4
250 949 5
250 1248 5
250 589 5
250 632 4
250 1519 5
250 1650 4
250 885 4
250 131 5
250 408 4
250 1648 5
250 793 4
250 906 4
250 205 4
250 1357 4
250 405 4
250 682 4
250 948 4
250 1305 5
250 543 4
250 673 4
250 612 5
251 1051 4
251 916 5
251 757 5
251 849 5
252 741 5
252 617 5
252 1035 5
253 1227 4
253 981 4
253 1191 4
253 1482 4
253 1156 4
253 84 4
253 228 4
253 1024 4
253 1257 4
253 1141 4
253 148 4
253 885 4
253 43 4
253 909 4
253 1058 4
253 1533 4
253 1575 4
253 730 4
253 189 4
253 1236 4
253 1326 4
253 666 4
253 1096 4
253 487 4
253 1042 4
253 624 4
253 71 4
254 1515 4
254 76 5
254 1284 4
254 839 4
255 185 3
255 429 4
255 602 4
255 699 3
255 912 3
255 1167 4
255 556 4
255 1478 4
255 712 4
255 1263 4
255 1584 3
255 1692 3
255 1315 4
255 1462 3
255 1251 4
255 41 4
255 1279 4
255 145 4
255 538 4
255 871 3
255 1427 4
255 1002 5
255 1280 4
255 547 4
255 1190 4
255 795 4
255 964 3
255 853 4
255 186 4
255 1446 3
255 892 4
255 254 4
255 1070 5
255 1197 3
255 917 4
255 1339 4
255 1424 4
255 1327 3
255 389 4
255 252 3
255 730 4
255 719 4
255 1249 3
255 406 4
255 499 3
255 940 4
255 514 4
255 1030 5
255 813 4
255 1439 4
255 728 3
255 1095 4
255 502 3
255 917 4
255 272 5
255 121 4
255 1663 3
255 393 3
255 919 4
255 145 4
255 149 4
255 1240 4
255 1276 4
255 133 3
255 830 4
255 727 4
255 1514 4
255 272 4
255 1669 4
255 530 4
255 488 3
255 1133 4
255 844 4
256 583 4
256 518 4
256 1007 4
256 1131 4
256 454 4
256 819 4
256 1389 4
256 1566 4
256 1082 4
256 1248 5
256 1487 4
256 810 5
256 561 4
256 1074 4
256 1243 4
256 261 4
256 489 4
256 1650 5
256 976 4
256 1378 4
256 1590 4
256 1323 4
256 1301 4
257 444 4
257 1141 5
257 495 4
257 286 4
257 244 4
257 632 4
257 394 4
257 967 4
257 1195 4
257 710 4
257 659 4
257 116 4
257 227 3
258 1139 4
258 650 4
258 1557 4
258 709 4
258 1084 4
258 652 4
258 1232 4
258 1017 5
258 1119 4
258 1131 4
258 1668 4
258 796 4
258 442 5
258 1058 4
258 793 4
258 865 4
258 463 4
258 218 4
258 128 5
258 1415 4
258 1350 4
258 525 4
258 137 4
258 1682 4
258 464 5
258 614 5
258 1243 4
258 807 4
258 72 5
259 404 4
259 575 4
259 402 5
259 961 4
260 1161 5
260 733 5
260 667 5
260 913 5
260 1551 4
260 520 5
260 673 5
260 935 4
260 1 5
260 979 4
260 1179 5
260 1180 4
260 693 5
260 93 5
260 629 5
260 1498 4
260 1173 4
261 710 4
261 1065 4
261 444 4
261 1664 4
261 1537 4
261 1331 4
261 784 4
261 408 4
261 821 5
262 1590 4
262 205 5
262 464 4
262 208 5
262 1353 5
262 483 5
262 1650 4
262 485 4
262 560 4
263 208 4
263 1000 4
263 1227 4
263 1030 4
263 963 4
263 72 4
263 1624 4
263 642 4
263 15 4
263 757 4
263 1569 4
263 555 5
263 1227 5
264 91 4
264 333 4
264 872 4
264 1139 4
264 38 5
264 1017 4
264 333 4
264 793 4
264 1484 5
264 1238 4
264 707 4
264 255 4
264 1044 4
264 244 4
264 757 5
264 1198 5
265 1465 5
265 1433 4
265 1668 5
265 888 5
265 1125 5
265 642 4
265 1513 5
265 369 5
265 412 5
265 1548 4
265 360 5
265 710 4
265 743 4
265 848 4
265 1460 5
265 934 5
265 701 5
265 1050 5
265 1601 4
265 1014 4
265 1626 4
265 1696 4
265 1429 4
265 815 4
265 352 5
265 1150 4
265 1140 4
265 1501 5
265 9 5
265 72 4
265 272 5
265 1219 5
265 1602 4
265 994 5
265 411 4
265 272 5
265 1211 4
265 1586 5
266 757 5
266 738 4
266 1358 5
266 245 4
266 491 5
266 879 5
266 256 5
266 164 4
266 747 5
266 1136 4
266 1209 4
266 304 4
266 1634 4
266 785 5
266 989 5
266 703 4
266 640 5
266 468 4
266 210 4
266 684 4
266 408 5
266 155 4
266 476 5
266 915 4
266 273 4
266 461 5
266 1000 4
266 1335 5
266 342 4
266 847 4
266 340 5
266 1094 4
266 204 4
266 557 5
266 622 4
266 511 5
266 627 4
267 982 5
267 1158 5
267 1065 4
267 417 4
267 255 5
267 663 4
267 2 5
268 103 5
268 347 5
268 1261 4
269 255 5
269 1281 5
269 1697 5
270 244 5
270 1159 4
270 1595 5
270 1526 4
270 153 4
270 1294 5
270 183 4
270 577 5
270 1510 4
270 1545 4
270 275 5
270 487 4
270 266 5
270 520 4
270 575 5
270 384 4
270 1238 4
270 1014 5
270 408 5
270 479 5
270 824 4
270 1464 4
270 1441 4
270 368 4
270 476 5
270 619 4
270 134 4
270 408 5
270 1232 5
270 1259 4
270 79 4
270 781 4
270 880 4
271 516 4
271 666 4
271 1226 4
271 233 3
271 1621 4
271 350 5
271 994 5
271 443 4
271 1453 4
271 545 4
271 1325 3
271 1000 4
271 1516 4
271 1473 3
271 1428 4
271 1546 5
271 1105 4
271 1267 3
271 535 4
271 706 4
271 350 4
271 542 5
271 1638 4
271 345 5
271 52 3
271 1246 4
271 984 4
271 44 5
271 1562 4
271 1607 4
271 676 5
271 1229 5
271 465 4
271 44 5
271 1390 5
271 830 4
271 1235 5
271 59 4
271 1093 4
271 202 5
271 129 3
271 586 4
271 1361 3
271 660 4
271 141 4
271 313 4
271 549 4
271 423 4
271 809 5
271 67 5
271 1668 5
271 1584 4
271 783 4
271 1199 4
271 147 4
271 580 4
271 625 4
271 993 3
271 735 4
271 1540 4
271 480 4
272 1093 4
272 48 4
272 28 4
272 309 4
272 684 4
272 1266 5
272 823 4
272 592 4
272 375 4
272 987 4
272 251 4
272 524 4
272 725 4
272 821 4
272 524 4
272 1042 4
272 1351 5
272 55 4
272 117 4
272 838 4
272 1377 4
272 994 4
272 71 4
273 1370 5
273 787 4
273 485 4
273 1091 4
273 1656 5
273 1174 5
273 1150 4
273 1248 4
273 1461 4
273 473 4
273 1241 4
273 255 5
273 1597 4
273 137 4
273 128 4
273 1654 4
273 71 4
273 589 4
273 936 4
273 673 4
273 418 4
274 1185 5
274 1651 4
274 1194 5
275 294 4
275 1043 3
275 1471 4
275 1331 4
275 1365 4
275 276 3
275 1618 4
275 1387 4
275 1371 3
275 1495 4
275 387 4
275 1227 5
275 1202 4
275 114 3
275 1500 4
275 445 4
275 1647 4
275 608 4
275 918 4
275 193 4
275 470 4
275 1347 3
275 150 4
275 1285 4
275 1504 4
275 1560 4
275 1501 4
275 237 3
275 1075 4
275 390 4
275 382 4
275 1272 3
275 991 4
275 1001 4
275 1238 4
275 1288 4
275 1246 4
275 1615 4
275 408 4
275 1088 4
275 82 4
275 1582 4
275 1097 4
275 415 4
275 881 3
275 53 4
275 124 3
275 466 4
275 1285 4
275 1575 4
275 947 3
275 326 3
275 1684 4
275 229 4
275 308 4
275 1395 3
275 1010 4
275 19 4
275 1672 4
275 744 4
275 1059 4
275 194 4
275 658 4
275 1467 5
275 875 4
275 1341 4
275 1275 4
275 805 4
275 1419 4
275 1599 4
275 409 3
275 1244 4
275 1348 4
275 611 4
275 305 3
275 154 4
275 1067 4
275 178 4
275 1570 4
275 13 4
275 541 4
275 374 4
275 1177 4
275 395 4
275 468 4
275 1568 5
275 115 4
275 1529 4
275 156 4
275 1497 3
275 985 3
275 14 3
275 753 4
275 1156 4
275 321 4
275 98 4
275 672 4
275 1334 4
275 1543 3
275 1308 4
275 868 4
275 300 4
275 822 4
275 627 4
275 771 5
275 214 4
275 1206 4
275 1220 4
275 984 4
275 533 3
275 1674 4
275 1401 4
275 23 4
275 1053 3
275 1578 3
275 1409 3
275 1373 4
275 893 3
275 1248 4
275 697 4
275 1673 4
275 567 4
275 51 3
275 1251 4
275 1343 4
275 1649 4
275 454 4
275 1417 4
275 1027 4
275 1686 5
275 788 4
275 500 4
275 1525 4
275 1090 4
275 1499 4
275 909 5
275 1456 3
275 94 4
275 1129 4
275 1115 3
275 179 4
275 1629 4
275 334 4
275 1245 4
275 1141 4
275 1619 3
276 1668 5
276 1199 5
276 495 5
277 1535 4
277 394 4
277 255 4
277 1104 4
277 265 4
277 664 4
277 955 4
277 680 5
277 824 4
277 1529 5
277 1487 4
277 416 5
277 404 5
277 648 4
277 334 5
277 1077 4
277 1041 4
277 273 4
277 1219 4
277 1379 5
277 1375 5
277 625 4
277 559 5
277 1667 4
277 266 5
277 483 4
277 1009 5
277 619 5
277 1444 5
277 752 4
278 1019 4
278 1092 4
278 1624 4
278 371 5
278 1345 4
278 889 5
278 318 5
278 248 4
278 538 5
279 1435 5
279 1150 4
279 317 5
279 1684 4
279 1408 4
279 9 4
279 1485 4
279 1523 5
279 1180 4
279 1058 4
279 705 4
279 577 4
279 1525 4
279 451 4
279 920 5
279 932 4
279 967 4
279 2 5
279 374 5
279 1083 4
279 1089 4
279 1015 4
279 1260 4
279 106 4
279 1361 4
279 999 5
279 1351 4
279 788 5
279 379 4
280 1496 4
280 1690 5
280 924 4
280 695 4
280 119 4
280 324 4
280 348 4
280 982 5
280 1391 4
281 119 4
281 273 4
281 1361 4
281 1254 4
281 928 4
281 1661 5
281 840 4
281 1332 4
281 367 4
281 38 5
281 836 5
281 979 4
281 434 4
281 1199 4
281 247 4
281 273 4
281 103 4
281 838 4
281 1597 5
281 1506 5
282 1171 5
282 1336 4
282 408 4
282 1538 5
282 1040 4
282 855 4
282 713 4
282 274 4
282 1271 4
282 1435 4
282 315 5
282 326 4
282 1139 4
282 1140 5
282 437 4
282 464 5
282 422 4
282 573 4
282 474 4
282 263 4
282 833 4
282 89 4
282 315 5
282 1375 4
282 1657 4
282 793 4
282 930 5
282 1178 4
282 689 4
282 448 4
282 1151 4
282 723 4
282 1363 4
282 705 5
282 1334 5
282 654 4
282 1490 4
282 1217 4
282 0 4
282 886 5
282 371 5
282 1519 4
282 989 4
282 435 4
283 1505 4
283 1364 5
283 1564 4
283 1375 5
283 676 4
283 1020 5
283 1 4
283 1020 5
283 928 5
284 1220 4
284 931 5
284 1675 4
284 1678 4
284 1650 4
284 271 4
284 421 4
284 1154 4
284 3 4
284 1412 4
284 354 5
284 1061 4
284 842 4
284 1542 5
284 301 4
284 1355 4
284 1089 4
284 550 4
284 385 4
284 1585 4
284 142 4
284 306 4
284 1361 4
284 1623 4
284 444 4
284 1258 4
284 165 4
284 1321 4
284 1377 4
284 1373 5
284 1519 4
284 1415 4
284 1233 4
284 1064 4
284 1533 4
284 1370 4
284 167 4
284 776 4
284 1663 4
284 530 4
284 171 4
284 1358 4
284 624 4
284 1650 4
284 1046 4
284 210 4
284 951 5
284 1080 4
284 790 4
284 131 4
284 637 5
284 1420 5
284 489 4
284 1618 4
284 334 4
285 68 3
285 3 4
285 1224 4
285 503 5
285 348 4
286 74 4
286 1273 4
286 765 4
286 900 4
286 1463 5
286 1357 4
286 780 4
286 1437 4
286 555 5
286 1553 4
286 109 4
286 733 5
286 464 5
286 1314 4
286 1585 4
286 986 4
286 1337 4
286 1262 4
286 1646 4
286 1241 4
286 339 4
286 854 4
286 416 4
286 1000 5
286 471 4
286 264 4
286 219 4
286 277 4
286 820 4
286 575 4
286 368 4
286 1673 4
286 1496 4
286 1059 4
286 995 4
286 1459 4
286 1197 4
286 21 4
286 1513 4
286 211 4
286 575 4
286 1487 4
286 1224 4
286 779 5
286 1040 4
286 226 4
286 987 4
286 1531 4
286 700 4
286 827 4
286 689 4
286 1040 4
286 158 4
286 1145 4
286 681 4
286 229 4
286 70 4
286 1697 4
286 736 4
286 860 4
286 298 4
286 1481 4
286 626 4
286 14 4
286 721 4
286 91 4
286 295 4
286 195 4
286 609 4
286 938 4
287 275 4
287 1323 4
287 1458 4
287 544 4
287 1596 4
287 994 4
287 682 4
287 1040 4
287 1196 3
287 961 4
287 258 4
287 2 4
287 1487 4
287 883 4
287 924 4
287 826 4
287 1178 4
287 1397 4
288 1030 5
288 1203 4
288 926 3
288 1535 4
288 840 4
288 1351 4
288 323 4
288 1604 3
288 1630 4
288 485 4
288 939 4
288 320 4
288 1500 3
288 1153 4
288 1578 4
288 1671 4
288 575 4
288 319 4
288 1454 4
288 729 4
288 1466 4
288 398 4
288 408 4
288 1141 4
288 58 3
288 500 4
288 277 4
288 1495 4
288 1488 3
288 914 4
288 1384 4
288 752 4
288 230 4
288 942 4
288 2 4
288 258 4
288 1576 4
288 308 4
288 522 4
288 500 4
288 410 4
288 838 4
288 916 4
288 770 4
288 1548 4
288 1089 4
