0 1281 5
0 731 4
0 270 4
0 949 5
0 771 4
0 161 5
0 794 4
0 509 5
1 1222 5
1 1681 5
2 1014 4
2 268 4
2 282 4
2 905 4
2 965 4
2 737 4
2 777 4
2 1408 4
2 1512 4
2 919 4
2 724 4
2 349 4
2 679 4
2 751 4
2 507 4
2 815 4
3 72 5
4 1547 5
4 833 4
4 363 4
4 1612 5
5 371 4
5 1646 4
6 765 5
6 1344 5
7 455 4
7 548 4
7 1496 4
8 296 4
8 949 4
8 1691 4
9 496 4
9 855 5
9 832 4
9 1120 4
9 1503 4
9 1647 4
9 388 5
9 996 5
9 29 5
9 518 4
10 695 4
10 1198 5
11 1373 5
11 1651 4
12 555 4
12 371 5
12 273 3
13 473 4
14 625 5
14 775 5
14 1643 4
15 1063 4
15 414 5
15 625 4
16 442 4
16 452 4
16 489 4
16 1071 4
17 1082 5
18 263 4
18 1357 4
18 1256 4
19 537 5
20 448 4
20 135 3
20 727 5
20 1430 4
21 1170 3
21 1616 4
21 803 4
22 787 4
22 920 4
22 314 4
23 1109 4
23 1377 5
23 65 4
24 469 3
24 198 4
24 1299 3
25 528 4
25 1633 4
25 1562 4
26 1164 4
26 1172 4
26 1099 4
26 36 4
27 804 4
27 1121 4
27 506 4
27 1545 4
28 653 4
29 1597 5
29 258 4
29 425 5
29 278 4
30 336 4
30 419 4
30 1031 4
30 1469 4
30 1131 4
30 1039 4
30 1646 4
30 531 4
30 763 4
31 362 4
31 1030 5
31 1575 5
31 61 5
32 702 5
32 807 4
33 450 4
33 333 5
33 973 4
33 1112 4
33 110 4
33 782 4
34 152 4
34 788 5
34 791 5
34 71 4
34 547 4
34 15 4
35 77 4
35 488 4
35 1644 4
35 1611 4
35 1683 4
35 517 4
35 1222 4
36 1310 4
36 1093 4
36 801 4
36 1078 4
36 139 4
36 951 4
36 1182 4
36 80 4
36 600 5
36 269 5
36 1004 4
36 1245 4
36 793 4
36 183 4
36 1591 4
36 1056 4
36 248 4
36 828 4
36 1421 4
36 492 4
36 56 4
36 811 4
37 730 5
37 1405 4
37 1294 5
37 944 4
38 103 5
38 989 5
38 1141 4
39 233 4
39 372 4
39 1602 4
40 1376 4
40 1012 4
40 89 4
41 619 4
41 1468 5
41 1597 4
42 533 4
42 1532 5
42 76 4
42 297 4
42 1130 5
42 1068 4
42 798 4
42 548 4
42 1027 4
42 988 4
42 1287 4
42 1531 4
42 1284 4
42 1403 4
42 173 4
43 583 4
43 663 5
43 1256 4
44 554 4
44 757 5
44 1149 4
45 705 4
45 876 4
46 859 4
46 1427 4
46 46 4
47 1577 4
47 1479 5
47 231 4
47 1264 4
47 1045 4
47 769 4
47 778 4
47 681 5
47 1236 5
47 1594 4
47 1222 5
47 1203 4
47 1129 4
47 281 4
47 34 5
47 383 4
47 576 4
47 63 4
48 127 4
48 1199 4
49 276 4
49 909 4
49 788 5
49 1101 4
50 107 5
50 1620 4
50 722 4
50 475 4
50 111 4
50 23 4
50 205 5
51 392 3
51 987 4
51 476 4
51 96 4
51 1671 3
51 1355 3
51 120 4
52 906 5
52 1291 5
52 1438 5
52 1530 5
53 1545 4
54 335 4
54 608 4
55 714 4
55 1003 4
55 105 4
55 1076 4
55 1579 4
55 1622 4
55 1677 4
55 897 4
55 974 4
55 634 4
55 1302 5
55 1316 4
55 925 4
56 1083 4
57 627 4
58 880 4
58 341 5
58 1425 4
58 1184 5
58 1398 4
58 564 4
58 635 4
58 831 4
58 366 4
58 761 5
58 141 4
58 400 5
58 1565 4
58 687 4
58 1126 4
58 195 4
58 899 4
58 922 4
58 216 4
58 1329 4
58 632 4
58 370 4
58 668 4
58 131 4
59 1552 5
60 327 4
60 658 4
60 1399 5
61 106 5
61 584 5
61 1375 5
62 226 5
63 1442 5
63 909 5
63 1367 5
63 238 5
64 255 4
64 694 4
64 1373 4
65 1135 4
65 1673 4
65 1301 4
65 796 4
65 1375 5
65 1275 4
65 360 4
65 789 4
65 1005 4
65 389 4
65 69 4
66 70 4
66 1645 5
67 1364 5
67 987 4
67 961 4
67 1324 3
67 145 4
68 331 4
68 620 4
68 670 4
68 504 4
68 478 4
68 1200 4
69 1437 4
69 1690 4
69 1110 5
69 474 5
69 759 5
69 1225 5
70 1025 5
70 770 4
70 47 4
70 612 4
70 936 4
70 622 5
70 346 4
70 662 4
71 563 4
71 639 4
71 999 4
72 255 4
72 716 5
73 1450 4
74 1230 5
74 1137 4
74 953 5
74 1146 4
74 420 5
74 605 4
74 740 5
74 838 4
74 1587 4
74 686 5
74 938 5
74 1633 4
74 999 5
75 1131 4
76 1624 4
76 123 4
76 649 4
76 1517 4
77 347 5
77 1187 3
77 234 5
77 819 4
77 1510 4
77 159 4
77 170 4
77 483 5
77 941 4
77 1561 4
78 593 4
78 838 4
79 1147 5
79 1319 4
79 1495 5
80 526 3
80 992 3
80 907 4
80 638 4
80 179 4
80 381 4
80 72 5
80 1550 4
81 1600 4
81 625 4
81 1603 4
81 598 4
81 1668 4
81 157 4
82 479 4
83 1267 4
83 1554 5
83 967 5
84 500 5
84 1351 5
85 599 4
85 1296 5
85 1470 4
85 410 4
85 1553 5
86 967 4
86 1334 4
86 480 5
86 431 4
87 316 5
87 1085 4
87 1448 4
88 1028 5
88 1213 5
88 285 4
88 85 4
88 187 3
88 263 4
88 1648 5
89 41 4
89 502 4
89 970 5
90 978 4
90 1352 4
91 1381 5
91 1651 4
92 376 4
92 1160 5
92 1391 4
93 792 4
93 1204 4
93 772 4
93 302 4
93 1205 4
94 1239 4
95 226 5
95 255 4
96 129 5
96 1145 5
97 497 5
97 617 5
98 994 5
98 684 4
98 1443 4
98 1493 4
98 856 4
98 1296 4
99 339 4
99 1380 5
100 1041 5
100 1357 4
100 1597 5
101 122 5
101 854 5
101 1208 5
102 872 4
102 984 4
102 1198 4
103 690 4
104 739 5
104 1664 4
105 1430 5
106 1083 4
106 1476 4
106 835 4
107 151 5
107 1000 5
107 1012 4
108 1156 5
108 823 4
108 223 4
108 1482 3
108 675 4
108 618 4
109 607 4
109 1040 4
109 445 4
109 192 3
110 840 5
110 1676 4
111 1006 4
111 1283 4
111 427 4
111 210 5
111 1350 4
112 329 5
112 864 5
112 918 5
113 310 4
113 317 4
113 846 4
114 451 5
114 928 4
115 840 4
115 264 3
115 1371 2
115 405 2
115 118 2
115 732 2
115 574 4
115 1558 4
115 1106 3
115 1354 3
115 1588 4
115 966 4
115 1389 4
116 386 4
116 1102 4
116 1346 4
116 17 5
116 1010 4
116 826 5
116 646 4
117 1197 4
117 1057 4
117 200 4
117 191 4
117 397 4
117 747 4
117 1486 4
117 5 4
117 1416 4
117 1250 5
118 1124 4
118 392 4
118 655 4
119 336 5
119 670 5
119 2 5
119 143 5
119 812 5
119 736 4
119 243 4
119 495 4
119 432 4
120 196 4
120 694 4
121 130 5
121 1113 4
121 1356 4
122 314 5
122 810 5
122 1617 5
123 32 4
123 1134 4
124 1118 4
124 127 4
124 984 4
124 1665 4
124 1061 4
124 1508 4
124 200 5
124 1006 4
124 1404 4
124 568 4
124 73 4
125 500 5
126 797 5
126 1464 5
127 569 4
127 680 5
127 1166 3
128 501 5
128 106 4
128 1087 5
128 1183 4
129 673 4
129 246 4
129 267 4
130 483 5
130 1391 5
130 1594 4
131 1352 5
131 841 5
131 642 4
131 1140 5
132 536 4
132 408 4
132 157 4
132 415 5
132 1082 4
133 287 5
133 471 4
133 1416 4
134 234 5
134 1369 4
135 203 5
135 157 5
135 189 5
135 1393 5
135 863 4
135 997 4
135 900 4
135 1132 5
135 445 5
135 1533 4
136 1178 4
137 444 4
138 1290 4
138 793 5
138 1282 4
139 503 4
139 1075 4
140 153 4
140 1032 4
141 1507 5
141 3 5
141 1168 4
141 823 5
141 656 5
142 126 4
142 940 4
142 862 4
142 964 4
142 262 4
142 413 4
142 1451 4
142 1306 4
142 636 4
142 1122 5
142 1265 4
142 215 4
142 399 4
142 866 4
142 734 4
143 642 5
144 224 5
144 1523 4
145 787 4
145 1031 5
145 1156 5
146 750 4
146 200 4
146 805 4
147 1209 5
147 1595 3
147 451 5
148 295 4
148 717 4
148 1059 4
149 529 4
149 625 5
150 1593 5
150 70 5
150 1225 4
151 1643 5
152 416 5
152 468 4
152 1396 4
153 642 4
153 555 5
153 539 5
154 1188 3
154 594 4
154 916 4
155 950 4
155 1083 4
156 112 5
156 806 4
157 308 4
158 13 4
158 307 4
158 1054 4
158 552 5
158 424 5
158 1037 4
158 464 4
158 657 5
158 241 5
158 968 4
158 1598 4
158 239 5
158 1476 5
158 859 4
158 515 4
158 1282 4
158 1511 4
158 571 5
158 1140 5
158 1536 4
158 364 4
158 1608 4
158 1385 5
159 958 4
159 566 5
159 83 4
159 321 4
159 899 4
159 426 4
159 1645 5
160 1194 4
160 1642 4
160 404 4
160 1450 4
160 1368 4
161 945 4
162 416 4
162 967 4
163 208 4
163 1122 5
163 1505 5
164 1311 5
165 1658 4
165 975 3
165 954 3
165 768 3
165 866 4
165 486 4
165 1292 4
165 534 4
165 62 4
165 929 4
165 50 3
165 305 3
165 1123 5
165 92 4
165 453 4
165 1434 4
165 1298 4
165 650 3
165 472 4
165 852 4
165 741 3
165 1489 4
165 446 3
165 373 4
165 1677 4
165 998 4
165 678 4
165 1297 3
165 959 4
165 361 4
165 250 5
165 700 4
165 595 4
165 1269 4
165 1250 4
165 436 4
165 921 5
165 33 4
165 588 4
165 1392 4
165 1655 4
165 1682 4
165 1072 4
165 1278 4
166 303 4
166 1255 4
166 1256 4
166 523 4
166 1343 4
166 1407 4
166 45 4
166 1666 4
167 1121 5
167 1237 4
167 733 4
167 1516 4
168 867 4
168 1165 4
168 1304 4
169 994 4
169 140 4
169 387 4
169 1373 4
169 54 5
170 109 4
170 409 4
170 743 4
170 1366 4
170 11 4
171 1359 4
171 971 4
171 1443 5
171 7 4
171 1413 5
172 106 4
173 410 4
173 222 5
173 687 4
174 623 4
175 1008 5
175 232 4
175 939 4
175 1580 4
175 99 5
175 1695 4
176 1384 5
176 1058 4
176 682 4
176 378 4
176 1052 4
177 1296 5
177 972 4
177 271 4
177 1426 4
177 1522 4
178 236 5
178 519 4
178 503 4
178 1670 4
178 1153 5
179 368 4
179 858 4
179 1375 5
180 296 4
180 527 4
181 1147 5
181 1199 4
181 1505 5
182 363 4
182 653 4
183 1082 5
184 169 4
184 393 5
184 670 5
185 451 5
185 38 5
185 1145 5
185 1680 4
185 328 5
185 27 4
185 1005 4
186 1351 4
187 1241 5
188 1487 4
189 977 4
189 1534 4
189 824 4
189 91 5
189 1118 5
189 401 4
189 1281 4
189 814 4
189 1449 4
189 1474 4
190 210 5
190 1198 4
190 1569 4
191 722 4
191 823 4
192 1242 4
192 797 4
192 1351 5
192 816 4
193 581 3
193 587 4
194 756 4
194 1556 4
195 1332 5
196 457 5
196 1606 4
196 81 4
197 1156 4
198 68 4
198 1624 5
199 505 4
199 177 4
199 644 4
199 1572 3
199 1181 3
199 960 4
199 48 4
199 1277 3
199 357 5
199 628 4
199 643 4
199 291 4
199 995 5
199 606 5
199 882 5
200 132 4
200 708 5
200 1541 4
201 10 5
201 318 4
201 1165 4
201 1137 4
201 396 4
201 70 4
201 6 5
201 758 4
201 861 4
201 610 5
201 716 4
201 1009 4
201 487 4
201 1627 5
201 1684 5
202 180 4
202 651 4
202 490 4
202 184 4
202 654 5
202 1234 4
202 1226 4
202 175 4
202 1554 4
202 718 4
202 510 4
202 674 5
202 266 4
202 780 4
202 877 5
202 456 4
202 1349 5
202 113 5
202 209 4
202 1472 5
202 97 4
202 1648 4
203 498 4
203 1402 4
203 1212 4
203 1400 4
203 1214 4
203 1079 4
203 916 4
203 75 5
204 585 4
205 415 5
205 1082 5
206 200 4
206 529 4
206 242 4
206 1632 4
207 1267 4
207 1320 5
207 1664 4
208 1312 4
208 994 5
208 181 4
208 604 4
208 901 3
209 299 4
209 570 4
209 88 4
209 449 4
210 764 5
211 60 5
211 729 5
211 1640 4
212 1521 3
212 1029 3
212 898 3
212 49 3
212 1700 3
212 102 3
212 766 3
212 1689 3
212 677 3
212 31 3
212 1699 3
212 843 3
212 428 3
212 1022 3
212 66 3
212 1372 3
212 40 3
212 356 3
212 1662 3
212 225 3
212 1048 3
212 343 3
212 20 3
212 1060 3
212 172 3
212 1023 3
212 206 3
212 1318 3
212 358 3
212 1157 3
212 837 3
212 1342 3
212 144 3
212 665 3
212 1414 3
212 338 3
213 1566 4
213 391 5
213 1074 4
213 1693 5
214 163 4
214 630 4
214 983 5
214 896 4
215 546 4
215 1589 4
216 952 4
216 644 4
216 800 4
216 160 4
216 1418 4
217 1571 4
217 1614 4
217 1436 4
217 1527 4
217 1176 4
217 1107 4
217 133 5
218 923 4
218 1410 4
219 904 5
220 119 4
220 279 4
220 1035 5
221 1636 3
221 508 4
221 1453 4
221 176 4
221 1386 4
221 1473 3
222 1506 4
222 438 4
222 895 4
223 134 4
223 1267 4
223 24 4
223 784 4
224 1651 5
225 1494 4
225 874 4
225 94 4
225 684 4
225 647 4
225 1652 4
225 1215 4
225 621 4
225 1613 4
225 773 4
225 1567 4
225 380 4
225 664 5
225 1528 5
225 834 4
225 720 4
225 86 4
225 889 4
225 1221 4
225 359 4
225 382 4
225 440 4
225 845 4
225 786 4
225 1105 4
225 322 4
226 199 4
226 1509 4
226 1066 4
226 1333 4
226 1455 4
226 1559 4
226 857 4
226 174 4
226 1524 4
226 1270 4
227 355 4
228 1330 4
228 1360 4
228 16 4
228 1394 4
228 990 4
228 633 4
228 146 4
229 818 4
229 402 4
229 1252 4
229 850 4
229 1218 4
230 1698 4
230 683 4
230 1192 4
231 836 5
231 1484 5
231 1034 4
231 1188 4
232 12 4
232 613 5
232 348 4
232 1273 4
232 1564 4
232 1303 4
232 1152 4
232 325 4
232 312 4
232 748 4
232 387 4
232 1475 4
232 1019 4
232 615 4
232 1021 4
232 1609 5
232 1081 4
233 467 5
233 671 5
233 30 5
233 908 4
233 1204 5
234 565 3
234 698 3
234 260 3
234 131 4
234 336 3
234 8 4
234 35 4
234 1697 4
234 614 4
234 39 3
234 1520 4
234 98 4
234 1000 4
234 320 4
234 447 4
234 1660 3
234 110 3
234 601 4
234 691 4
234 249 4
234 873 4
234 190 4
234 742 4
234 1186 3
234 1406 4
234 927 4
234 808 4
235 1431 4
235 220 4
235 1131 4
235 1374 4
235 582 5
235 1108 4
235 689 4
235 1382 4
235 259 4
236 1422 4
236 1556 4
236 1433 4
236 87 4
237 439 4
237 980 4
237 1127 4
237 293 4
237 966 3
237 572 4
237 136 4
237 746 3
237 311 4
237 562 4
237 1169 5
237 754 4
237 631 5
237 344 4
237 930 5
237 1231 4
237 1253 3
237 957 4
237 858 5
237 1100 4
237 292 4
237 1206 4
237 1483 4
237 1694 4
237 433 4
237 829 4
237 1657 4
237 25 3
237 1388 4
237 817 4
237 1016 4
237 581 4
238 696 5
238 982 5
239 591 5
239 707 5
239 1013 4
239 749 4
239 513 4
239 14 5
239 755 4
239 330 5
240 760 5
240 125 4
240 284 5
240 1485 4
240 512 4
240 1488 4
241 1625 5
241 1015 4
241 616 5
241 1274 4
241 910 4
241 1216 5
241 692 4
241 213 4
241 745 4
241 1328 4
241 1480 4
241 444 4
241 1623 4
241 1563 4
241 946 4
241 1035 4
241 168 5
241 207 4
241 283 5
241 1688 4
241 1247 4
241 482 4
241 603 4
241 344 4
241 911 4
241 641 4
241 752 5
241 1653 4
241 553 4
241 1624 4
241 1228 4
241 532 4
241 1549 4
241 72 4
241 257 4
241 1244 4
241 1637 4
241 1138 4
241 891 4
241 377 4
241 902 4
241 477 4
241 1038 4
241 870 4
242 685 5
242 37 4
242 558 4
242 212 4
242 704 5
242 661 4
242 597 4
242 937 4
243 1328 5
243 1447 4
243 253 5
243 1492 5
243 887 4
243 1251 4
243 1592 5
244 240 4
244 624 4
244 1639 4
244 332 4
244 1413 4
244 1111 4
244 1460 4
245 1695 4
245 669 5
245 578 4
245 1309 5
245 1190 4
245 1477 5
245 337 5
245 637 5
245 943 4
245 1578 4
245 365 5
245 894 5
245 22 5
245 182 5
245 64 4
245 869 4
245 1223 5
245 1674 5
246 1203 4
246 767 4
246 458 4
246 1232 4
246 484 4
246 1476 4
246 878 4
246 459 4
246 95 4
246 1114 4
246 1544 5
246 1441 4
246 1289 4
246 1336 5
246 1143 4
246 1362 4
246 596 5
246 4 5
246 1073 4
246 162 4
246 1641 4
246 1445 4
246 394 4
246 1610 4
247 1517 4
247 1570 4
247 645 4
247 303 4
247 1423 4
247 18 4
247 1058 4
247 1069 4
247 1357 4
248 1651 4
248 480 4
248 1340 4
248 217 4
248 1116 4
248 197 4
248 620 4
248 1175 4
248 1605 4
248 437 4
248 1687 4
248 825 4
249 412 3
249 481 3
249 337 5
249 799 4
249 353 5
249 1259 5
249 521 4
249 288 3
249 290 4
249 117 3
249 1103 5
249 280 3
249 1457 4
249 309 5
249 1539 4
249 1555 3
249 802 4
249 1440 5
249 726 4
249 1144 5
249 1011 4
249 1098 4
249 1583 4
249 1086 4
249 715 4
249 1268 4
249 1383 4
249 1452 4
249 1491 4
249 1317 4
249 890 3
249 1338 3
250 1519 5
250 1248 5
250 948 4
250 1305 5
250 885 4
250 543 4
251 757 5
251 849 5
251 1051 4
252 1529 4
253 148 4
253 1024 4
253 1096 4
253 1058 4
253 1257 4
253 84 4
253 1141 4
253 43 4
253 1326 4
253 981 4
253 228 4
254 839 4
254 1515 4
255 121 4
255 1446 3
255 964 3
255 530 4
255 853 4
255 719 4
255 254 4
255 1424 4
255 1276 4
255 871 3
255 272 4
255 1279 4
255 1478 4
255 1663 3
255 429 4
255 795 4
255 1315 4
255 186 4
255 1167 4
255 499 3
255 813 4
255 406 4
255 556 4
255 712 4
255 1669 4
255 149 4
255 1133 4
255 1280 4
255 1070 5
255 830 4
255 1095 4
255 1692 3
255 1240 4
255 912 3
255 252 3
255 393 3
255 728 3
255 185 3
255 1339 4
255 602 4
255 1462 3
255 917 4
255 1327 3
255 1514 4
255 699 3
255 1439 4
255 892 4
255 514 4
255 1002 5
255 26 3
255 1249 3
256 1590 4
256 454 4
256 261 4
256 1389 4
256 1378 4
256 1323 4
256 561 4
257 1141 5
257 116 4
257 659 4
257 244 4
257 227 3
257 1195 4
258 1243 4
258 709 4
258 218 4
258 793 4
258 1084 4
258 463 4
258 652 4
258 1017 5
258 1415 4
258 525 4
258 1119 4
258 865 4
258 1557 4
259 961 4
260 1179 5
260 693 5
260 93 5
260 1173 4
260 1 5
260 1498 4
260 913 5
260 667 5
260 1551 4
260 520 5
260 1161 5
260 629 5
261 1065 4
261 1537 4
262 485 4
262 560 4
262 1353 5
263 208 4
263 963 4
264 91 4
264 1044 4
265 710 4
265 1050 5
265 1548 4
265 1465 5
265 1150 4
265 1513 5
265 701 5
265 848 4
265 1696 4
265 9 5
265 1125 5
265 352 5
265 1501 5
265 888 5
265 1626 4
265 1586 5
265 1601 4
265 934 5
265 411 4
265 369 5
265 1142 5
265 1211 4
266 557 5
266 640 5
266 1136 4
266 1335 5
266 703 4
266 1634 4
266 304 4
266 511 5
266 245 4
266 155 4
266 204 4
266 879 5
266 785 5
266 164 4
266 738 4
266 256 5
266 340 5
266 1094 4
266 847 4
266 491 5
266 915 4
266 342 4
266 461 5
267 417 4
267 1158 5
268 103 5
268 1261 4
269 1697 5
270 384 4
270 1441 4
270 1526 4
270 1238 4
270 619 4
270 275 5
270 79 4
270 1159 4
271 147 4
271 1226 4
271 202 5
271 1428 4
271 545 4
271 542 5
271 44 5
271 67 5
271 1390 5
271 1325 3
271 313 4
271 52 3
271 735 4
271 586 4
271 516 4
271 706 4
271 1546 5
271 1246 4
271 345 5
271 1540 4
271 423 4
271 580 4
271 443 4
271 660 4
271 465 4
271 783 4
271 549 4
271 1638 4
271 1235 5
271 993 3
271 1229 5
271 1607 4
271 1473 3
271 59 4
271 535 4
271 350 5
271 1621 4
271 666 4
271 809 5
272 1266 5
272 725 4
272 375 4
272 117 4
272 821 4
272 28 4
272 524 4
273 137 4
273 1461 4
273 1656 5
273 1174 5
273 787 4
273 418 4
273 1241 4
273 1091 4
273 1654 4
273 289 4
274 1185 5
275 1088 4
275 1467 5
275 156 4
275 1365 4
275 1647 4
275 868 4
275 124 3
275 1371 3
275 237 3
275 294 4
275 19 4
275 114 3
275 1582 4
275 1568 5
275 697 4
275 150 4
275 1177 4
275 178 4
275 1285 4
275 1686 5
275 1395 3
275 1672 4
275 390 4
275 300 4
275 947 3
275 193 4
275 875 4
275 1322 4
275 409 3
275 1649 4
275 214 4
275 1347 3
275 1674 4
275 1619 3
275 395 4
275 1615 4
275 466 4
275 229 4
275 1419 4
275 1097 4
275 1115 3
275 1525 4
275 1156 4
275 611 4
275 1202 4
275 744 4
275 1227 5
275 985 3
275 1288 4
275 194 4
275 991 4
275 53 4
275 1599 4
275 1272 3
275 82 4
275 1001 4
275 115 4
275 1529 4
275 1090 4
275 1499 4
275 541 4
275 1043 3
275 1417 4
275 1560 4
275 672 4
275 1331 4
275 408 4
275 1308 4
275 1497 3
275 154 4
275 753 4
275 1500 4
275 470 4
275 881 3
275 51 3
275 1067 4
275 1471 4
275 567 4
275 1348 4
275 276 3
275 1456 3
275 822 4
275 1401 4
275 1504 4
275 1387 4
275 1053 3
275 326 3
275 1409 3
275 1341 4
275 893 3
275 1543 3
276 495 5
277 559 5
277 1667 4
277 1104 4
277 265 4
277 955 4
277 1657 4
277 1219 4
277 1379 5
277 1444 5
277 1535 4
277 1009 5
278 538 5
278 1092 4
278 1345 4
279 1058 4
279 374 5
279 1435 5
279 932 4
279 1172 5
279 379 4
279 9 4
279 1089 4
280 119 4
280 324 4
280 924 4
281 1661 5
281 434 4
281 138 4
281 1361 4
281 38 5
281 247 4
281 367 4
281 979 4
281 1332 4
282 1490 4
282 1151 4
282 1657 4
282 1538 5
282 274 4
282 0 4
282 1171 5
282 1217 4
282 315 5
282 713 4
282 1363 4
282 886 5
282 723 4
282 435 4
282 1139 4
283 676 4
283 1020 5
284 1415 4
284 167 4
284 421 4
284 1046 4
284 1258 4
284 1519 4
284 1678 4
284 306 4
284 1233 4
284 1358 4
284 1585 4
284 171 4
284 1650 4
284 1618 4
284 1321 4
284 142 4
284 776 4
284 1080 4
284 1064 4
284 550 4
284 334 4
284 1675 4
284 1542 5
284 790 4
284 301 4
284 165 4
284 385 4
284 1220 4
284 842 4
284 354 5
284 931 5
284 1370 4
284 1154 4
284 1574 4
284 1420 5
284 1412 4
285 68 3
286 1463 5
286 1314 4
286 219 4
286 860 4
286 1059 4
286 986 4
286 609 4
286 298 4
286 1262 4
286 1337 4
286 779 5
286 820 4
286 626 4
286 1481 4
286 575 4
286 21 4
286 74 4
286 158 4
286 211 4
286 827 4
286 1459 4
287 1323 4
287 544 4
287 1481 4
287 1196 3
287 1458 4
287 1596 4
288 323 4
288 1576 4
288 926 3
288 1604 3
288 942 4
288 485 4
288 1454 4
288 230 4
288 1466 4
288 1630 4
288 319 4
288 277 4
288 58 3
288 398 4
288 522 4
